% Eigenvalues for grid=[/home/henshw/grids/sicFixede4.order4.hdf]
% File created eig/genEigs
lambdav=[...
(5.7831856015e+00 -0.0000000000e+00 *1i),(1.4681965799e+01 -9.4139743459e-11 *1i),(1.4681965799e+01 +9.4139743459e-11 *1i),(2.6374576511e+01 -0.0000000000e+00 *1i),(2.6374601699e+01 -0.0000000000e+00 *1i),(3.0471227522e+01 -0.0000000000e+00 *1i),(4.0706362956e+01 -4.7100843191e-08 *1i),(4.0706362956e+01 +4.7100843191e-08 *1i),(4.9218315988e+01 -7.8599966935e-11 *1i),(4.9218315988e+01 +7.8599966935e-11 *1i),...
(5.7582645698e+01 -0.0000000000e+00 *1i),(5.7582658387e+01 -0.0000000000e+00 *1i),(7.0849359178e+01 -0.0000000000e+00 *1i),(7.0849780911e+01 -0.0000000000e+00 *1i),(7.4886536133e+01 -0.0000000000e+00 *1i),(7.6938259329e+01 -8.2935261515e-07 *1i),(7.6938259329e+01 +8.2935261515e-07 *1i),(9.5276521161e+01 -2.8694048059e-08 *1i),(9.5276521161e+01 +2.8694048059e-08 *1i),(9.8724898091e+01 -0.0000000000e+00 *1i),...
(9.8724915082e+01 -0.0000000000e+00 *1i),(1.0349818220e+02 -2.5337218142e-11 *1i),(1.0349818220e+02 +2.5337218142e-11 *1i),(1.2242555503e+02 -0.0000000000e+00 *1i),(1.2242558252e+02 -0.0000000000e+00 *1i),(1.2290503496e+02 -5.0562725239e-06 *1i),(1.2290503496e+02 +5.0562725239e-06 *1i),(1.3501636099e+02 -0.0000000000e+00 *1i),(1.3501929628e+02 -0.0000000000e+00 *1i),(1.3903717834e+02 -0.0000000000e+00 *1i),...
(1.4944825056e+02 -0.0000000000e+00 *1i),(1.4944840647e+02 -0.0000000000e+00 *1i)
];
eigErr=[...
 6.25e-08 , 3.30e-07 , 3.30e-07 , 1.51e-06 , 5.58e-07 , 1.14e-06 , 2.53e-06 , 2.53e-06 , 2.85e-06 , 2.85e-06 ,...
 5.13e-06 , 4.91e-06 , 9.03e-06 , 3.08e-06 , 6.28e-06 , 8.70e-06 , 8.70e-06 , 1.10e-05 , 1.10e-05 , 1.39e-05 ,...
 1.37e-05 , 1.23e-05 , 1.23e-05 , 1.83e-05 , 1.81e-05 , 2.09e-05 , 2.09e-05 , 3.22e-05 , 1.05e-05 , 2.23e-05 ,...
 3.10e-05 , 2.99e-05 
];
evectErr=[...
 2.02e-08 , 2.14e-07 , 2.14e-07 , 7.59e-07 , 7.59e-07 , 1.38e-06 , 2.25e-06 , 2.25e-06 , 5.22e-06 , 5.22e-06 ,...
 4.53e-06 , 4.53e-06 , 8.85e-06 , 8.85e-06 , 1.93e-05 , 7.42e-06 , 7.42e-06 , 3.25e-05 , 3.25e-05 , 1.41e-05 ,...
 1.41e-05 , 3.82e-05 , 3.82e-05 , 5.80e-05 , 5.80e-05 , 2.13e-05 , 2.13e-05 , 4.09e-05 , 4.09e-05 , 9.03e-05 ,...
 2.83e-05 , 2.83e-05 
];
