% Size = 100 100 
% Nonzeros = 460 
zzz = zeros(460,3);
zzz = [
1 1  1.0000000000000000e+00
1 12  -3.0000000000000000e+00
1 23  3.0000000000000000e+00
1 34  -1.0000000000000000e+00
2 2  1.0000000000000000e+00
2 13  -3.0000000000000000e+00
2 24  3.0000000000000000e+00
2 35  -1.0000000000000000e+00
3 3  1.0000000000000000e+00
3 13  -3.0000000000000000e+00
3 23  3.0000000000000000e+00
3 33  -1.0000000000000000e+00
4 4  1.0000000000000000e+00
4 14  -3.0000000000000000e+00
4 24  3.0000000000000000e+00
4 34  -1.0000000000000000e+00
5 5  1.0000000000000000e+00
5 15  -3.0000000000000000e+00
5 25  3.0000000000000000e+00
5 35  -1.0000000000000000e+00
6 6  1.0000000000000000e+00
6 16  -3.0000000000000000e+00
6 26  3.0000000000000000e+00
6 36  -1.0000000000000000e+00
7 7  1.0000000000000000e+00
7 17  -3.0000000000000000e+00
7 27  3.0000000000000000e+00
7 37  -1.0000000000000000e+00
8 8  1.0000000000000000e+00
8 18  -3.0000000000000000e+00
8 28  3.0000000000000000e+00
8 38  -1.0000000000000000e+00
9 9  1.0000000000000000e+00
9 18  -3.0000000000000000e+00
9 27  3.0000000000000000e+00
9 36  -1.0000000000000000e+00
10 10  1.0000000000000000e+00
10 19  -3.0000000000000000e+00
10 28  3.0000000000000000e+00
10 37  -1.0000000000000000e+00
11 11  1.0000000000000000e+00
11 22  -3.0000000000000000e+00
11 33  3.0000000000000000e+00
11 44  -1.0000000000000000e+00
12 12  1.0000000000000000e+00
12 23  -3.0000000000000000e+00
12 34  3.0000000000000000e+00
12 45  -1.0000000000000000e+00
13 13  -2.5000000000000000e+00
13 33  2.5000000000000000e+00
14 14  -2.5000000000000000e+00
14 34  2.5000000000000000e+00
15 15  -2.5000000000000000e+00
15 35  2.5000000000000000e+00
16 16  -2.5000000000000000e+00
16 36  2.5000000000000000e+00
17 17  -2.5000000000000000e+00
17 37  2.5000000000000000e+00
18 18  -2.5000000000000000e+00
18 38  2.5000000000000000e+00
19 19  1.0000000000000000e+00
19 28  -3.0000000000000000e+00
19 37  3.0000000000000000e+00
19 46  -1.0000000000000000e+00
20 20  1.0000000000000000e+00
20 29  -3.0000000000000000e+00
20 38  3.0000000000000000e+00
20 47  -1.0000000000000000e+00
21 21  1.0000000000000000e+00
22 22  1.0000000000000000e+00
23 23  1.0000000000000000e+00
24 24  1.0000000000000000e+00
25 25  1.0000000000000000e+00
26 26  1.0000000000000000e+00
27 27  1.0000000000000000e+00
28 28  1.0000000000000000e+00
29 27  -2.5000000000000000e+00
29 29  2.5000000000000000e+00
30 27  -1.0000000000000000e+00
30 28  3.0000000000000000e+00
30 29  -3.0000000000000000e+00
30 30  1.0000000000000000e+00
31 33  1.0000000000000000e+00
32 33  1.0000000000000000e+00
33 13  6.2499999999999989e+02
33 22  1.2499999999999995e+03
33 23  -4.9999999999999982e+03
33 24  1.2499999999999995e+03
33 31  6.2499999999999989e+02
33 32  -4.9999999999999982e+03
33 33  1.2499999999999996e+04
33 34  -4.9999999999999982e+03
33 35  6.2499999999999989e+02
33 42  1.2499999999999995e+03
33 43  -4.9999999999999982e+03
33 44  1.2499999999999995e+03
33 53  6.2499999999999989e+02
34 14  6.2499999999999989e+02
34 23  1.2499999999999995e+03
34 24  -4.9999999999999982e+03
34 25  1.2499999999999995e+03
34 32  6.2499999999999989e+02
34 33  -4.9999999999999982e+03
34 34  1.2499999999999996e+04
34 35  -4.9999999999999982e+03
34 36  6.2499999999999989e+02
34 43  1.2499999999999995e+03
34 44  -4.9999999999999982e+03
34 45  1.2499999999999995e+03
34 54  6.2499999999999989e+02
35 15  6.2499999999999989e+02
35 24  1.2499999999999995e+03
35 25  -4.9999999999999982e+03
35 26  1.2499999999999995e+03
35 33  6.2499999999999989e+02
35 34  -4.9999999999999982e+03
35 35  1.2499999999999996e+04
35 36  -4.9999999999999982e+03
35 37  6.2499999999999989e+02
35 44  1.2499999999999995e+03
35 45  -4.9999999999999982e+03
35 46  1.2499999999999995e+03
35 55  6.2499999999999989e+02
36 16  6.2499999999999989e+02
36 25  1.2499999999999995e+03
36 26  -4.9999999999999982e+03
36 27  1.2499999999999995e+03
36 34  6.2499999999999989e+02
36 35  -4.9999999999999982e+03
36 36  1.2499999999999996e+04
36 37  -4.9999999999999982e+03
36 38  6.2499999999999989e+02
36 45  1.2499999999999995e+03
36 46  -4.9999999999999982e+03
36 47  1.2499999999999995e+03
36 56  6.2499999999999989e+02
37 17  6.2499999999999989e+02
37 26  1.2499999999999995e+03
37 27  -4.9999999999999982e+03
37 28  1.2499999999999995e+03
37 35  6.2499999999999989e+02
37 36  -4.9999999999999982e+03
37 37  1.2499999999999996e+04
37 38  -4.9999999999999982e+03
37 39  6.2499999999999989e+02
37 46  1.2499999999999995e+03
37 47  -4.9999999999999982e+03
37 48  1.2499999999999995e+03
37 57  6.2499999999999989e+02
38 38  1.0000000000000000e+00
39 37  -2.5000000000000000e+00
39 39  2.5000000000000000e+00
40 37  -1.0000000000000000e+00
40 38  3.0000000000000000e+00
40 39  -3.0000000000000000e+00
40 40  1.0000000000000000e+00
41 43  1.0000000000000000e+00
42 43  1.0000000000000000e+00
43 23  6.2499999999999989e+02
43 32  1.2499999999999995e+03
43 33  -4.9999999999999982e+03
43 34  1.2499999999999995e+03
43 41  6.2499999999999989e+02
43 42  -4.9999999999999982e+03
43 43  1.2499999999999996e+04
43 44  -4.9999999999999982e+03
43 45  6.2499999999999989e+02
43 52  1.2499999999999995e+03
43 53  -4.9999999999999982e+03
43 54  1.2499999999999995e+03
43 63  6.2499999999999989e+02
44 24  6.2499999999999989e+02
44 33  1.2499999999999995e+03
44 34  -4.9999999999999982e+03
44 35  1.2499999999999995e+03
44 42  6.2499999999999989e+02
44 43  -4.9999999999999982e+03
44 44  1.2499999999999996e+04
44 45  -4.9999999999999982e+03
44 46  6.2499999999999989e+02
44 53  1.2499999999999995e+03
44 54  -4.9999999999999982e+03
44 55  1.2499999999999995e+03
44 64  6.2499999999999989e+02
45 25  6.2499999999999989e+02
45 34  1.2499999999999995e+03
45 35  -4.9999999999999982e+03
45 36  1.2499999999999995e+03
45 43  6.2499999999999989e+02
45 44  -4.9999999999999982e+03
45 45  1.2499999999999996e+04
45 46  -4.9999999999999982e+03
45 47  6.2499999999999989e+02
45 54  1.2499999999999995e+03
45 55  -4.9999999999999982e+03
45 56  1.2499999999999995e+03
45 65  6.2499999999999989e+02
46 26  6.2499999999999989e+02
46 35  1.2499999999999995e+03
46 36  -4.9999999999999982e+03
46 37  1.2499999999999995e+03
46 44  6.2499999999999989e+02
46 45  -4.9999999999999982e+03
46 46  1.2499999999999996e+04
46 47  -4.9999999999999982e+03
46 48  6.2499999999999989e+02
46 55  1.2499999999999995e+03
46 56  -4.9999999999999982e+03
46 57  1.2499999999999995e+03
46 66  6.2499999999999989e+02
47 27  6.2499999999999989e+02
47 36  1.2499999999999995e+03
47 37  -4.9999999999999982e+03
47 38  1.2499999999999995e+03
47 45  6.2499999999999989e+02
47 46  -4.9999999999999982e+03
47 47  1.2499999999999996e+04
47 48  -4.9999999999999982e+03
47 49  6.2499999999999989e+02
47 56  1.2499999999999995e+03
47 57  -4.9999999999999982e+03
47 58  1.2499999999999995e+03
47 67  6.2499999999999989e+02
48 48  1.0000000000000000e+00
49 47  -2.5000000000000000e+00
49 49  2.5000000000000000e+00
50 47  -1.0000000000000000e+00
50 48  3.0000000000000000e+00
50 49  -3.0000000000000000e+00
50 50  1.0000000000000000e+00
51 53  1.0000000000000000e+00
52 53  1.0000000000000000e+00
53 33  6.2499999999999989e+02
53 42  1.2499999999999995e+03
53 43  -4.9999999999999982e+03
53 44  1.2499999999999995e+03
53 51  6.2499999999999989e+02
53 52  -4.9999999999999982e+03
53 53  1.2499999999999996e+04
53 54  -4.9999999999999982e+03
53 55  6.2499999999999989e+02
53 62  1.2499999999999995e+03
53 63  -4.9999999999999982e+03
53 64  1.2499999999999995e+03
53 73  6.2499999999999989e+02
54 34  6.2499999999999989e+02
54 43  1.2499999999999995e+03
54 44  -4.9999999999999982e+03
54 45  1.2499999999999995e+03
54 52  6.2499999999999989e+02
54 53  -4.9999999999999982e+03
54 54  1.2499999999999996e+04
54 55  -4.9999999999999982e+03
54 56  6.2499999999999989e+02
54 63  1.2499999999999995e+03
54 64  -4.9999999999999982e+03
54 65  1.2499999999999995e+03
54 74  6.2499999999999989e+02
55 35  6.2499999999999989e+02
55 44  1.2499999999999995e+03
55 45  -4.9999999999999982e+03
55 46  1.2499999999999995e+03
