% Eigenvalues for grid=[/home/henshw/grids/sice8.order4.ng3.hdf]
% File created eig/genEigs
lambdav=[...
(5.7831859364e+00 -0.0000000000e+00 *1i),(1.4681970240e+01 -0.0000000000e+00 *1i),(1.4681970240e+01 -0.0000000000e+00 *1i),(2.6374613170e+01 -0.0000000000e+00 *1i),(2.6374615042e+01 -0.0000000000e+00 *1i),(3.0471259017e+01 -0.0000000000e+00 *1i),(4.0706456979e+01 -0.0000000000e+00 *1i),(4.0706457019e+01 -0.0000000000e+00 *1i),(4.9218442591e+01 -0.0000000000e+00 *1i),(4.9218442605e+01 -0.0000000000e+00 *1i),...
(5.7582914971e+01 -0.0000000000e+00 *1i),(5.7582915151e+01 -0.0000000000e+00 *1i),(7.0849939289e+01 -0.0000000000e+00 *1i),(7.0849975192e+01 -0.0000000000e+00 *1i),(7.4886960277e+01 -0.0000000000e+00 *1i),(7.6938864799e+01 -0.0000000000e+00 *1i),(7.6938865010e+01 -0.0000000000e+00 *1i),(9.5277468024e+01 -0.0000000000e+00 *1i),(9.5277468554e+01 -0.0000000000e+00 *1i),(9.8726135281e+01 -0.0000000000e+00 *1i),...
(9.8726135637e+01 -0.0000000000e+00 *1i),(1.0349933064e+02 -0.0000000000e+00 *1i),(1.0349933076e+02 -0.0000000000e+00 *1i),(1.2242756759e+02 -0.0000000000e+00 *1i),(1.2242756973e+02 -0.0000000000e+00 *1i),(1.2290733105e+02 -0.0000000000e+00 *1i),(1.2290733163e+02 -0.0000000000e+00 *1i),(1.3502030774e+02 -0.0000000000e+00 *1i),(1.3502055225e+02 -0.0000000000e+00 *1i),(1.3903998887e+02 -0.0000000000e+00 *1i),...
(1.4945239122e+02 -0.0000000000e+00 *1i),(1.4945239139e+02 -0.0000000000e+00 *1i),(1.5224070456e+02 -0.0000000000e+00 *1i),(1.5224070664e+02 -0.0000000000e+00 *1i),(1.6939488487e+02 -0.0000000000e+00 *1i),(1.6939488712e+02 -0.0000000000e+00 *1i)
];
eigErr=[...
 4.59e-09 , 2.74e-08 , 2.74e-08 , 1.23e-07 , 5.25e-08 , 1.09e-07 , 2.17e-07 , 2.16e-07 , 2.79e-07 , 2.79e-07 ,...
 4.50e-07 , 4.47e-07 , 8.42e-07 , 3.35e-07 , 6.21e-07 , 8.26e-07 , 8.23e-07 , 1.10e-06 , 1.09e-06 , 1.39e-06 ,...
 1.39e-06 , 1.19e-06 , 1.19e-06 , 1.87e-06 , 1.85e-06 , 2.19e-06 , 2.19e-06 , 2.97e-06 , 1.16e-06 , 2.13e-06 ,...
 3.28e-06 , 3.28e-06 , 2.95e-06 , 2.94e-06 , 3.34e-06 , 3.32e-06 
];
evectErr=[...
 7.47e-10 , 1.34e-08 , 1.33e-08 , 5.36e-08 , 5.73e-08 , 5.59e-08 , 4.89e-07 , 4.93e-07 , 5.45e-07 , 5.44e-07 ,...
 3.05e-07 , 9.25e-07 , 7.00e-07 , 8.04e-07 , 1.11e-06 , 9.43e-07 , 9.45e-07 , 6.64e-06 , 6.68e-06 , 1.60e-06 ,...
 2.02e-06 , 5.19e-06 , 5.18e-06 , 4.89e-06 , 1.16e-05 , 4.20e-06 , 3.27e-06 , 3.29e-06 , 4.26e-06 , 6.64e-06 ,...
 5.78e-06 , 6.13e-06 , 9.26e-06 , 9.26e-06 , 3.77e-05 , 3.79e-05 
];
