% Eigenvalues for grid=[/home/henshw/grids/sicFixede16.order4.hdf]
% File created eig/genEigs
lambdav=[...
(5.7831859608e+00 -0.0000000000e+00 *1i),(1.4681970609e+01 -0.0000000000e+00 *1i),(1.4681970609e+01 -0.0000000000e+00 *1i),(2.6374616191e+01 -0.0000000000e+00 *1i),(2.6374616285e+01 -0.0000000000e+00 *1i),(3.0471262051e+01 -0.0000000000e+00 *1i),(4.0706465159e+01 -0.0000000000e+00 *1i),(4.0706465159e+01 -0.0000000000e+00 *1i),(4.9218455095e+01 -0.0000000000e+00 *1i),(4.9218455095e+01 -0.0000000000e+00 *1i),...
(5.7582939178e+01 -0.0000000000e+00 *1i),(5.7582939181e+01 -0.0000000000e+00 *1i),(7.0849994594e+01 -0.0000000000e+00 *1i),(7.0849996145e+01 -0.0000000000e+00 *1i),(7.4887002423e+01 -0.0000000000e+00 *1i),(7.6938924572e+01 -0.0000000000e+00 *1i),(7.6938924572e+01 -0.0000000000e+00 *1i),(9.5277564346e+01 -0.0000000000e+00 *1i),(9.5277564346e+01 -0.0000000000e+00 *1i),(9.8726265103e+01 -0.0000000000e+00 *1i),...
(9.8726265237e+01 -0.0000000000e+00 *1i),(1.0349944252e+02 -0.0000000000e+00 *1i),(1.0349944252e+02 -0.0000000000e+00 *1i),(1.2242777959e+02 -0.0000000000e+00 *1i),(1.2242777963e+02 -0.0000000000e+00 *1i),(1.2290758705e+02 -0.0000000000e+00 *1i),(1.2290758705e+02 -0.0000000000e+00 *1i),(1.3502067879e+02 -0.0000000000e+00 *1i),(1.3502069000e+02 -0.0000000000e+00 *1i),(1.3904025696e+02 -0.0000000000e+00 *1i),...
(1.4945285836e+02 -0.0000000000e+00 *1i),(1.4945285839e+02 -0.0000000000e+00 *1i)
];
eigErr=[...
 3.63e-10 , 2.27e-09 , 2.27e-09 , 8.96e-09 , 5.38e-09 , 9.60e-09 , 1.62e-08 , 1.62e-08 , 2.49e-08 , 2.49e-08 ,...
 3.00e-08 , 2.99e-08 , 6.11e-08 , 3.92e-08 , 5.83e-08 , 4.89e-08 , 4.89e-08 , 8.60e-08 , 8.60e-08 , 7.47e-08 ,...
 7.33e-08 , 1.10e-07 , 1.10e-07 , 1.35e-07 , 1.34e-07 , 1.07e-07 , 1.07e-07 , 2.23e-07 , 1.40e-07 , 1.98e-07 ,...
 1.51e-07 , 1.50e-07 
];
evectErr=[...
 1.93e-11 , 2.08e-10 , 2.08e-10 , 7.56e-10 , 7.56e-10 , 1.37e-09 , 9.28e-09 , 9.28e-09 , 1.52e-08 , 1.52e-08 ,...
 1.36e-08 , 1.36e-08 , 9.45e-09 , 9.45e-09 , 4.63e-08 , 2.01e-08 , 2.01e-08 , 1.30e-07 , 1.30e-07 , 4.15e-08 ,...
 4.15e-08 , 1.19e-07 , 1.19e-07 , 2.21e-07 , 2.21e-07 , 6.38e-08 , 6.38e-08 , 6.32e-08 , 6.32e-08 , 2.50e-07 ,...
 9.39e-08 , 9.39e-08 
];
