% Eigenvalues for grid=[/home/henshw/grids/sicFixede2.order4.hdf]
% File created eig/genEigs
lambdav=[...
(5.7831841292e+00 -0.0000000000e+00 *1i),(1.4681972790e+01 -0.0000000000e+00 *1i),(1.4681973833e+01 -0.0000000000e+00 *1i),(2.6374382581e+01 -0.0000000000e+00 *1i),(2.6374831278e+01 -0.0000000000e+00 *1i),(3.0471551418e+01 -0.0000000000e+00 *1i),(4.0706025576e+01 -0.0000000000e+00 *1i),(4.0706036205e+01 -0.0000000000e+00 *1i),(4.9219606763e+01 -0.0000000000e+00 *1i),(4.9219636405e+01 -0.0000000000e+00 *1i),...
(5.7580622590e+01 -0.0000000000e+00 *1i),(5.7580835755e+01 -0.0000000000e+00 *1i),(7.0847911990e+01 -0.0000000000e+00 *1i),(7.0855226590e+01 -0.0000000000e+00 *1i),(7.4891033434e+01 -0.0000000000e+00 *1i),(7.6931932869e+01 -0.0000000000e+00 *1i),(7.6931971916e+01 -0.0000000000e+00 *1i),(9.5276437547e+01 -0.0000000000e+00 *1i),(9.5276640939e+01 -0.0000000000e+00 *1i),(9.8708857196e+01 -0.0000000000e+00 *1i),...
(9.8709125805e+01 -0.0000000000e+00 *1i),(1.0350371015e+02 -0.0000000000e+00 *1i),(1.0350408492e+02 -0.0000000000e+00 *1i),(1.2241678864e+02 -0.0000000000e+00 *1i),(1.2241703785e+02 -0.0000000000e+00 *1i),(1.2287045290e+02 -0.0000000000e+00 *1i),(1.2287087405e+02 -0.0000000000e+00 *1i),(1.3499269230e+02 -0.0000000000e+00 *1i),(1.3503678157e+02 -0.0000000000e+00 *1i),(1.3903482897e+02 -0.0000000000e+00 *1i),...
(1.4938062785e+02 -0.0000000000e+00 *1i),(1.4938213208e+02 -0.0000000000e+00 *1i)
];
eigErr=[...
 3.17e-07 , 1.46e-07 , 2.17e-07 , 8.87e-06 , 8.15e-06 , 9.49e-06 , 1.08e-05 , 1.06e-05 , 2.34e-05 , 2.40e-05 ,...
 4.03e-05 , 3.66e-05 , 2.95e-05 , 7.38e-05 , 5.38e-05 , 9.09e-05 , 9.04e-05 , 1.19e-05 , 9.78e-06 , 1.76e-04 ,...
 1.74e-04 , 4.11e-05 , 4.47e-05 , 8.99e-05 , 8.79e-05 , 3.02e-04 , 2.99e-04 , 2.07e-04 , 1.19e-04 , 3.92e-05 ,...
 4.83e-04 , 4.73e-04 
];
evectErr=[...
 7.07e-07 , 6.81e-06 , 6.81e-06 , 2.40e-05 , 2.40e-05 , 4.50e-05 , 5.48e-05 , 5.48e-05 , 1.38e-04 , 1.38e-04 ,...
 1.05e-04 , 1.05e-04 , 2.42e-04 , 2.42e-04 , 4.55e-04 , 1.59e-04 , 1.59e-04 , 5.27e-04 , 5.27e-04 , 2.77e-04 ,...
 2.77e-04 , 7.76e-04 , 7.76e-04 , 9.35e-04 , 9.35e-04 , 4.03e-04 , 4.03e-04 , 1.05e-03 , 1.05e-03 , 1.66e-03 ,...
 5.44e-04 , 5.44e-04 
];
