% Eigenvalues for grid=[/home/henshw/grids/sice4.order2.hdf]
% File created eig/genEigs
lambdav=[...
(5.7818278367e+00 -0.0000000000e+00 *1i),(1.4673244660e+01 -0.0000000000e+00 *1i),(1.4673244660e+01 -0.0000000000e+00 *1i),(2.6342542549e+01 -0.0000000000e+00 *1i),(2.6350565058e+01 -0.0000000000e+00 *1i),(3.0433702666e+01 -0.0000000000e+00 *1i),(4.0640148595e+01 -0.0000000000e+00 *1i),(4.0640148595e+01 -0.0000000000e+00 *1i),(4.9120429262e+01 -0.0000000000e+00 *1i),(4.9120429262e+01 -0.0000000000e+00 *1i),...
(5.7451148296e+01 -0.0000000000e+00 *1i),(5.7452345232e+01 -0.0000000000e+00 *1i),(7.0620369771e+01 -0.0000000000e+00 *1i),(7.0675626624e+01 -0.0000000000e+00 *1i),(7.4658327624e+01 -0.0000000000e+00 *1i),(7.6707803279e+01 -0.0000000000e+00 *1i),(7.6707803279e+01 -0.0000000000e+00 *1i),(9.4915814265e+01 -0.0000000000e+00 *1i),(9.4915814265e+01 -0.0000000000e+00 *1i),(9.8350682721e+01 -0.0000000000e+00 *1i),...
(9.8351399464e+01 -0.0000000000e+00 *1i),(1.0306249056e+02 -0.0000000000e+00 *1i),(1.0306249056e+02 -0.0000000000e+00 *1i),(1.2183657952e+02 -0.0000000000e+00 *1i),(1.2184101256e+02 -0.0000000000e+00 *1i),(1.2233421241e+02 -0.0000000000e+00 *1i),(1.2233421241e+02 -0.0000000000e+00 *1i),(1.3418171944e+02 -0.0000000000e+00 *1i),(1.3437869665e+02 -0.0000000000e+00 *1i),(1.3824610344e+02 -0.0000000000e+00 *1i),...
(1.4860368173e+02 -0.0000000000e+00 *1i),(1.4862947065e+02 -0.0000000000e+00 *1i)
];
eigErr=[...
 2.35e-04 , 5.94e-04 , 5.94e-04 , 1.22e-03 , 9.12e-04 , 1.23e-03 , 1.63e-03 , 1.63e-03 , 1.99e-03 , 1.99e-03 ,...
 2.29e-03 , 2.27e-03 , 3.24e-03 , 2.46e-03 , 3.05e-03 , 3.00e-03 , 3.00e-03 , 3.80e-03 , 3.80e-03 , 3.80e-03 ,...
 3.80e-03 , 4.22e-03 , 4.22e-03 , 4.83e-03 , 4.79e-03 , 7.64e-04 , 7.64e-04 , 6.21e-03 , 4.75e-03 , 5.71e-03 ,...
 5.68e-03 , 5.51e-03 
];
eigSquareRootErr=[...
 1.17e-04 , 2.97e-04 , 2.97e-04 , 6.08e-04 , 4.56e-04 , 6.17e-04 , 8.15e-04 , 8.15e-04 , 9.96e-04 , 9.96e-04 ,...
 1.15e-03 , 1.13e-03 , 1.62e-03 , 1.23e-03 , 1.53e-03 , 1.50e-03 , 1.50e-03 , 1.90e-03 , 1.90e-03 , 1.90e-03 ,...
 1.90e-03 , 2.11e-03 , 2.11e-03 , 2.42e-03 , 2.40e-03 , 3.82e-04 , 3.82e-04 , 3.11e-03 , 2.38e-03 , 2.86e-03 ,...
 2.85e-03 , 2.76e-03 
];
evectErr=[...
 9.83e-06 , 5.93e-05 , 5.93e-05 , 6.29e-05 , 1.22e-04 , 1.54e-04 , 1.33e-03 , 1.33e-03 , 1.42e-03 , 1.42e-03 ,...
 1.52e-03 , 1.77e-04 , 6.18e-04 , 7.52e-04 , 1.39e-03 , 1.43e-03 , 1.43e-03 , 7.67e-03 , 7.67e-03 , 2.16e-03 ,...
 2.25e-03 , 5.34e-03 , 5.34e-03 , 9.96e-03 , 2.05e-03 , 1.00e+00 , 1.00e+00 , 2.20e-03 , 2.35e-03 , 4.84e-03 ,...
 5.14e-03 , 4.78e-03 
];
