% Eigenvalues for grid=[/home/henshw/grids/sice16.order4.ng3.hdf]
% File created eig/genEigs
lambdav=[...
(5.7831859611e+00 -0.0000000000e+00 *1i),(1.4681970613e+01 -0.0000000000e+00 *1i),(1.4681970613e+01 -0.0000000000e+00 *1i),(2.6374616199e+01 -0.0000000000e+00 *1i),(2.6374616316e+01 -0.0000000000e+00 *1i),(3.0471262089e+01 -0.0000000000e+00 *1i),(4.0706465187e+01 -0.0000000000e+00 *1i),(4.0706465187e+01 -0.0000000000e+00 *1i),(4.9218455260e+01 -0.0000000000e+00 *1i),(4.9218455260e+01 -0.0000000000e+00 *1i),...
(5.7582939084e+01 -0.0000000000e+00 *1i),(5.7582939096e+01 -0.0000000000e+00 *1i),(7.0849994596e+01 -0.0000000000e+00 *1i),(7.0849996874e+01 -0.0000000000e+00 *1i),(7.4887003112e+01 -0.0000000000e+00 *1i),(7.6938923948e+01 -0.0000000000e+00 *1i),(7.6938923952e+01 -0.0000000000e+00 *1i),(9.5277564715e+01 -0.0000000000e+00 *1i),(9.5277564721e+01 -0.0000000000e+00 *1i),(9.8726263099e+01 -0.0000000000e+00 *1i),...
(9.8726263126e+01 -0.0000000000e+00 *1i),(1.0349944419e+02 -0.0000000000e+00 *1i),(1.0349944419e+02 -0.0000000000e+00 *1i),(1.2242777920e+02 -0.0000000000e+00 *1i),(1.2242777935e+02 -0.0000000000e+00 *1i),(1.2290758197e+02 -0.0000000000e+00 *1i),(1.2290758197e+02 -0.0000000000e+00 *1i),(1.3502067933e+02 -0.0000000000e+00 *1i),(1.3502069506e+02 -0.0000000000e+00 *1i),(1.3904026106e+02 -0.0000000000e+00 *1i),...
(1.4945284783e+02 -0.0000000000e+00 *1i),(1.4945284784e+02 -0.0000000000e+00 *1i),(1.5224112089e+02 -0.0000000000e+00 *1i),(1.5224112092e+02 -0.0000000000e+00 *1i),(1.6939540666e+02 -0.0000000000e+00 *1i),(1.6939540669e+02 -0.0000000000e+00 *1i)
];
eigErr=[...
 3.23e-10 , 2.00e-09 , 2.00e-09 , 8.66e-09 , 4.20e-09 , 8.35e-09 , 1.55e-08 , 1.55e-08 , 2.16e-08 , 2.16e-08 ,...
 3.16e-08 , 3.14e-08 , 6.10e-08 , 2.89e-08 , 4.91e-08 , 5.70e-08 , 5.70e-08 , 8.22e-08 , 8.21e-08 , 9.50e-08 ,...
 9.47e-08 , 9.38e-08 , 9.37e-08 , 1.38e-07 , 1.37e-07 , 1.48e-07 , 1.48e-07 , 2.19e-07 , 1.02e-07 , 1.68e-07 ,...
 2.21e-07 , 2.21e-07 , 2.14e-07 , 2.14e-07 , 2.55e-07 , 2.55e-07 
];
eigSquareRootErr=[...
 1.62e-10 , 1.00e-09 , 1.00e-09 , 4.33e-09 , 2.10e-09 , 4.17e-09 , 7.76e-09 , 7.75e-09 , 1.08e-08 , 1.08e-08 ,...
 1.58e-08 , 1.57e-08 , 3.05e-08 , 1.44e-08 , 2.46e-08 , 2.85e-08 , 2.85e-08 , 4.11e-08 , 4.11e-08 , 4.75e-08 ,...
 4.74e-08 , 4.69e-08 , 4.69e-08 , 6.89e-08 , 6.83e-08 , 7.42e-08 , 7.42e-08 , 1.09e-07 , 5.11e-08 , 8.40e-08 ,...
 1.11e-07 , 1.10e-07 , 1.07e-07 , 1.07e-07 , 1.27e-07 , 1.27e-07 
];
evectErr=[...
 2.46e-11 , 4.37e-10 , 4.39e-10 , 1.78e-09 , 1.98e-09 , 2.54e-09 , 3.22e-08 , 3.21e-08 , 3.33e-08 , 3.34e-08 ,...
 9.95e-09 , 6.14e-08 , 3.18e-08 , 3.72e-08 , 5.71e-08 , 5.40e-08 , 5.41e-08 , 4.37e-07 , 4.37e-07 , 1.04e-07 ,...
 1.17e-07 , 3.11e-07 , 3.11e-07 , 2.17e-07 , 7.66e-07 , 2.06e-07 , 2.06e-07 , 1.58e-07 , 1.90e-07 , 3.81e-07 ,...
 3.61e-07 , 3.29e-07 , 6.19e-07 , 6.14e-07 , 2.50e-06 , 2.50e-06 
];
