% Eigenvalues for grid=[/home/henshw/grids/sice32.order4.ng3.hdf]
% File created eig/genEigs
lambdav=[...
(5.7831859628e+00 -0.0000000000e+00 *1i),(1.4681970640e+01 -0.0000000000e+00 *1i),(1.4681970640e+01 -0.0000000000e+00 *1i),(2.6374616412e+01 -0.0000000000e+00 *1i),(2.6374616419e+01 -0.0000000000e+00 *1i),(3.0471262326e+01 -0.0000000000e+00 *1i),(4.0706465776e+01 -0.0000000000e+00 *1i),(4.0706465776e+01 -0.0000000000e+00 *1i),(4.9218456249e+01 -0.0000000000e+00 *1i),(4.9218456249e+01 -0.0000000000e+00 *1i),...
(5.7582940783e+01 -0.0000000000e+00 *1i),(5.7582940783e+01 -0.0000000000e+00 *1i),(7.0849998631e+01 -0.0000000000e+00 *1i),(7.0849998772e+01 -0.0000000000e+00 *1i),(7.4887006536e+01 -0.0000000000e+00 *1i),(7.6938928046e+01 -0.0000000000e+00 *1i),(7.6938928046e+01 -0.0000000000e+00 *1i),(9.5277572012e+01 -0.0000000000e+00 *1i),(9.5277572012e+01 -0.0000000000e+00 *1i),(9.8726271866e+01 -0.0000000000e+00 *1i),...
(9.8726271866e+01 -0.0000000000e+00 *1i),(1.0349945322e+02 -0.0000000000e+00 *1i),(1.0349945322e+02 -0.0000000000e+00 *1i),(1.2242779493e+02 -0.0000000000e+00 *1i),(1.2242779493e+02 -0.0000000000e+00 *1i),(1.2290759902e+02 -0.0000000000e+00 *1i),(1.2290759902e+02 -0.0000000000e+00 *1i),(1.3502070688e+02 -0.0000000000e+00 *1i),(1.3502070786e+02 -0.0000000000e+00 *1i),(1.3904028280e+02 -0.0000000000e+00 *1i),...
(1.4945287873e+02 -0.0000000000e+00 *1i),(1.4945287873e+02 -0.0000000000e+00 *1i),(1.5224115135e+02 -0.0000000000e+00 *1i),(1.5224115135e+02 -0.0000000000e+00 *1i),(1.6939544686e+02 -0.0000000000e+00 *1i),(1.6939544686e+02 -0.0000000000e+00 *1i)
];
eigErr=[...
 3.02e-11 , 1.38e-10 , 1.37e-10 , 5.72e-10 , 2.96e-10 , 5.71e-10 , 1.04e-09 , 1.04e-09 , 1.48e-09 , 1.48e-09 ,...
 2.09e-09 , 2.08e-09 , 4.07e-09 , 2.08e-09 , 3.40e-09 , 3.74e-09 , 3.74e-09 , 5.58e-09 , 5.58e-09 , 6.19e-09 ,...
 6.19e-09 , 6.50e-09 , 6.49e-09 , 9.27e-09 , 9.25e-09 , 9.64e-09 , 9.64e-09 , 1.47e-08 , 7.46e-09 , 1.17e-08 ,...
 1.43e-08 , 1.43e-08 , 1.44e-08 , 1.44e-08 , 1.75e-08 , 1.75e-08 
];
evectErr=[...
 1.36e-12 , 1.55e-11 , 1.54e-11 , 5.73e-11 , 6.06e-11 , 1.44e-10 , 2.03e-09 , 2.03e-09 , 2.14e-09 , 2.14e-09 ,...
 3.26e-10 , 3.84e-09 , 1.84e-09 , 1.97e-09 , 3.27e-09 , 3.49e-09 , 3.52e-09 , 2.74e-08 , 2.74e-08 , 6.57e-09 ,...
 7.00e-09 , 1.87e-08 , 1.87e-08 , 1.16e-08 , 4.79e-08 , 1.24e-08 , 1.19e-08 , 8.98e-09 , 9.73e-09 , 2.21e-08 ,...
 2.22e-08 , 1.97e-08 , 3.92e-08 , 3.92e-08 , 1.57e-07 , 1.57e-07 
];
