% Eigenvalues for grid=[/home/henshw/grids/sice16.order2.hdf]
% File created eig/genEigs
lambdav=[...
(5.7831041005e+00 -0.0000000000e+00 *1i),(1.4681442974e+01 -0.0000000000e+00 *1i),(1.4681443162e+01 -0.0000000000e+00 *1i),(2.6372632858e+01 -0.0000000000e+00 *1i),(2.6373194202e+01 -0.0000000000e+00 *1i),(3.0468990746e+01 -0.0000000000e+00 *1i),(4.0702407514e+01 -0.0000000000e+00 *1i),(4.0702409985e+01 -0.0000000000e+00 *1i),(4.9212528213e+01 -0.0000000000e+00 *1i),(4.9212530033e+01 -0.0000000000e+00 *1i),...
(5.7574821925e+01 -0.0000000000e+00 *1i),(5.7574822447e+01 -0.0000000000e+00 *1i),(7.0835696187e+01 -0.0000000000e+00 *1i),(7.0839734733e+01 -0.0000000000e+00 *1i),(7.4873283780e+01 -0.0000000000e+00 *1i),(7.6924433659e+01 -0.0000000000e+00 *1i),(7.6924436474e+01 -0.0000000000e+00 *1i),(9.5255350864e+01 -0.0000000000e+00 *1i),(9.5255362749e+01 -0.0000000000e+00 *1i),(9.8702390908e+01 -0.0000000000e+00 *1i),...
(9.8702432897e+01 -0.0000000000e+00 *1i),(1.0347323504e+02 -0.0000000000e+00 *1i),(1.0347324255e+02 -0.0000000000e+00 *1i),(1.2239111787e+02 -0.0000000000e+00 *1i),(1.2239112049e+02 -0.0000000000e+00 *1i),(1.2287061806e+02 -0.0000000000e+00 *1i),(1.2287063591e+02 -0.0000000000e+00 *1i),(1.3496877011e+02 -0.0000000000e+00 *1i),(1.3498340579e+02 -0.0000000000e+00 *1i),(1.3899296326e+02 -0.0000000000e+00 *1i),...
(1.4939821990e+02 -0.0000000000e+00 *1i),(1.4939823181e+02 -0.0000000000e+00 *1i),(1.5218444157e+02 -0.0000000000e+00 *1i),(1.5218445697e+02 -0.0000000000e+00 *1i)
];
eigErr=[...
 1.42e-05 , 3.59e-05 , 3.59e-05 , 7.52e-05 , 5.39e-05 , 7.45e-05 , 9.97e-05 , 9.96e-05 , 1.20e-04 , 1.20e-04 ,...
 1.41e-04 , 1.41e-04 , 2.02e-04 , 1.45e-04 , 1.83e-04 , 1.88e-04 , 1.88e-04 , 2.33e-04 , 2.33e-04 , 2.42e-04 ,...
 2.41e-04 , 2.53e-04 , 2.53e-04 , 3.00e-04 , 3.00e-04 , 3.01e-04 , 3.01e-04 , 3.85e-04 , 2.76e-04 , 3.40e-04 ,...
 3.66e-04 , 3.66e-04 , 3.73e-04 , 3.72e-04 
];
eigSquareRootErr=[...
 7.08e-06 , 1.80e-05 , 1.80e-05 , 3.76e-05 , 2.70e-05 , 3.73e-05 , 4.98e-05 , 4.98e-05 , 6.02e-05 , 6.02e-05 ,...
 7.05e-05 , 7.05e-05 , 1.01e-04 , 7.24e-05 , 9.16e-05 , 9.42e-05 , 9.42e-05 , 1.17e-04 , 1.17e-04 , 1.21e-04 ,...
 1.21e-04 , 1.27e-04 , 1.27e-04 , 1.50e-04 , 1.50e-04 , 1.50e-04 , 1.50e-04 , 1.92e-04 , 1.38e-04 , 1.70e-04 ,...
 1.83e-04 , 1.83e-04 , 1.86e-04 , 1.86e-04 
];
evectErr=[...
 1.09e-07 , 1.81e-06 , 1.81e-06 , 1.35e-06 , 1.49e-06 , 9.28e-06 , 1.01e-04 , 1.02e-04 , 9.30e-05 , 9.27e-05 ,...
 1.33e-04 , 4.43e-06 , 5.00e-05 , 5.02e-05 , 8.38e-05 , 9.71e-05 , 9.74e-05 , 5.83e-04 , 5.84e-04 , 1.40e-04 ,...
 1.38e-04 , 3.63e-04 , 3.62e-04 , 7.86e-04 , 1.81e-04 , 2.05e-04 , 2.04e-04 , 1.30e-04 , 1.31e-04 , 3.11e-04 ,...
 2.73e-04 , 3.00e-04 , 5.26e-04 , 5.26e-04 
];
