% Eigenvalues for grid=[/home/henshw/grids/sicFixede8.order4.hdf]
% File created eig/genEigs
lambdav=[...
(5.7831859329e+00 -0.0000000000e+00 *1i),(1.4681970181e+01 -0.0000000000e+00 *1i),(1.4681970181e+01 -0.0000000000e+00 *1i),(2.6374613075e+01 -0.0000000000e+00 *1i),(2.6374614574e+01 -0.0000000000e+00 *1i),(3.0471258437e+01 -0.0000000000e+00 *1i),(4.0706456645e+01 -0.0000000000e+00 *1i),(4.0706456645e+01 -0.0000000000e+00 *1i),(4.9218440132e+01 -0.0000000000e+00 *1i),(4.9218440132e+01 -0.0000000000e+00 *1i),...
(5.7582916549e+01 -0.0000000000e+00 *1i),(5.7582916715e+01 -0.0000000000e+00 *1i),(7.0849939213e+01 -0.0000000000e+00 *1i),(7.0849964615e+01 -0.0000000000e+00 *1i),(7.4886949997e+01 -0.0000000000e+00 *1i),(7.6938874740e+01 -0.0000000000e+00 *1i),(7.6938874740e+01 -0.0000000000e+00 *1i),(9.5277463337e+01 -0.0000000000e+00 *1i),(9.5277463337e+01 -0.0000000000e+00 *1i),(9.8726166935e+01 -0.0000000000e+00 *1i),...
(9.8726167498e+01 -0.0000000000e+00 *1i),(1.0349930609e+02 -0.0000000000e+00 *1i),(1.0349930609e+02 -0.0000000000e+00 *1i),(1.2242757537e+02 -0.0000000000e+00 *1i),(1.2242757547e+02 -0.0000000000e+00 *1i),(1.2290740882e+02 -0.0000000000e+00 *1i),(1.2290740882e+02 -0.0000000000e+00 *1i),(1.3502029956e+02 -0.0000000000e+00 *1i),(1.3502048011e+02 -0.0000000000e+00 *1i),(1.3903992923e+02 -0.0000000000e+00 *1i),...
(1.4945255012e+02 -0.0000000000e+00 *1i),(1.4945255075e+02 -0.0000000000e+00 *1i)
];
eigErr=[...
 5.19e-09 , 3.14e-08 , 3.14e-08 , 1.27e-07 , 7.03e-08 , 1.28e-07 , 2.25e-07 , 2.25e-07 , 3.29e-07 , 3.29e-07 ,...
 4.23e-07 , 4.20e-07 , 8.43e-07 , 4.84e-07 , 7.58e-07 , 6.97e-07 , 6.97e-07 , 1.15e-06 , 1.15e-06 , 1.07e-06 ,...
 1.06e-06 , 1.43e-06 , 1.43e-06 , 1.80e-06 , 1.80e-06 , 1.56e-06 , 1.56e-06 , 3.03e-06 , 1.69e-06 , 2.55e-06 ,...
 2.21e-06 , 2.21e-06 
];
evectErr=[...
 6.24e-10 , 6.72e-09 , 6.72e-09 , 2.41e-08 , 2.41e-08 , 4.43e-08 , 1.48e-07 , 1.48e-07 , 2.46e-07 , 2.46e-07 ,...
 2.29e-07 , 2.29e-07 , 2.99e-07 , 2.99e-07 , 8.60e-07 , 3.57e-07 , 3.57e-07 , 2.08e-06 , 2.08e-06 , 7.07e-07 ,...
 7.07e-07 , 2.06e-06 , 2.06e-06 , 3.58e-06 , 3.58e-06 , 1.08e-06 , 1.08e-06 , 1.51e-06 , 1.51e-06 , 4.56e-06 ,...
 1.55e-06 , 1.55e-06 
];
