% Eigenvalues for grid=[/home/henshw/grids/sice4.order4.ng3.hdf]
% File created eig/genEigs
lambdav=[...
(5.7831856243e+00 -0.0000000000e+00 *1i),(1.4681966092e+01 -0.0000000000e+00 *1i),(1.4681966128e+01 -0.0000000000e+00 *1i),(2.6374576491e+01 -0.0000000000e+00 *1i),(2.6374604098e+01 -0.0000000000e+00 *1i),(3.0471230465e+01 -0.0000000000e+00 *1i),(4.0706360994e+01 -0.0000000000e+00 *1i),(4.0706361714e+01 -0.0000000000e+00 *1i),(4.9218329144e+01 -0.0000000000e+00 *1i),(4.9218329214e+01 -0.0000000000e+00 *1i),...
(5.7582623781e+01 -0.0000000000e+00 *1i),(5.7582623961e+01 -0.0000000000e+00 *1i),(7.0849343291e+01 -0.0000000000e+00 *1i),(7.0849843032e+01 -0.0000000000e+00 *1i),(7.4886601659e+01 -0.0000000000e+00 *1i),(7.6938130156e+01 -0.0000000000e+00 *1i),(7.6938143709e+01 -0.0000000000e+00 *1i),(9.5276503736e+01 -0.0000000000e+00 *1i),(9.5276508699e+01 -0.0000000000e+00 *1i),(9.8724548136e+01 -0.0000000000e+00 *1i),...
(9.8724561008e+01 -0.0000000000e+00 *1i),(1.0349833265e+02 -0.0000000000e+00 *1i),(1.0349833875e+02 -0.0000000000e+00 *1i),(1.2242538793e+02 -0.0000000000e+00 *1i),(1.2242539684e+02 -0.0000000000e+00 *1i),(1.2290422567e+02 -0.0000000000e+00 *1i),(1.2290424558e+02 -0.0000000000e+00 *1i),(1.3501638936e+02 -0.0000000000e+00 *1i),(1.3501966406e+02 -0.0000000000e+00 *1i),(1.3903751916e+02 -0.0000000000e+00 *1i),...
(1.4944677913e+02 -0.0000000000e+00 *1i),(1.4944679115e+02 -0.0000000000e+00 *1i),(1.5223630276e+02 -0.0000000000e+00 *1i),(1.5223635090e+02 -0.0000000000e+00 *1i)
];
eigErr=[...
 5.86e-08 , 3.10e-07 , 3.07e-07 , 1.51e-06 , 4.67e-07 , 1.05e-06 , 2.58e-06 , 2.56e-06 , 2.58e-06 , 2.58e-06 ,...
 5.51e-06 , 5.50e-06 , 9.25e-06 , 2.20e-06 , 5.41e-06 , 1.04e-05 , 1.02e-05 , 1.12e-05 , 1.12e-05 , 1.75e-05 ,...
 1.73e-05 , 1.08e-05 , 1.08e-05 , 1.97e-05 , 1.96e-05 , 2.75e-05 , 2.73e-05 , 3.20e-05 , 7.74e-06 , 1.99e-05 ,...
 4.08e-05 , 4.07e-05 , 3.19e-05 , 3.15e-05 
];
evectErr=[...
 2.24e-08 , 3.75e-07 , 3.76e-07 , 1.61e-06 , 1.65e-06 , 1.44e-06 , 6.38e-06 , 6.43e-06 , 9.80e-06 , 9.84e-06 ,...
 9.25e-06 , 1.14e-05 , 1.87e-05 , 1.77e-05 , 2.16e-05 , 1.99e-05 , 2.05e-05 , 8.65e-05 , 8.56e-05 , 3.85e-05 ,...
 3.13e-05 , 7.82e-05 , 7.79e-05 , 1.50e-04 , 7.84e-05 , 8.46e-05 , 7.57e-05 , 8.93e-05 , 9.27e-05 , 1.07e-04 ,...
 1.15e-04 , 1.04e-04 , 1.61e-04 , 1.59e-04 
];
