% Eigenvalues for grid=[/home/henshw/grids/sice8.order2.hdf]
% File created eig/genEigs
lambdav=[...
(5.7828568590e+00 -0.0000000000e+00 *1i),(1.4679852070e+01 -9.6348953992e-09 *1i),(1.4679852070e+01 +9.6348953992e-09 *1i),(2.6366665160e+01 -0.0000000000e+00 *1i),(2.6368883561e+01 -0.0000000000e+00 *1i),(3.0462153288e+01 -0.0000000000e+00 *1i),(4.0690163603e+01 -9.3994410276e-07 *1i),(4.0690163603e+01 +9.3994410276e-07 *1i),(4.9194674845e+01 -5.9581480283e-08 *1i),(4.9194674845e+01 +5.9581480283e-08 *1i),...
(5.7550335883e+01 -0.0000000000e+00 *1i),(5.7550336764e+01 -0.0000000000e+00 *1i),(7.0792833870e+01 -0.0000000000e+00 *1i),(7.0808574113e+01 -0.0000000000e+00 *1i),(7.4831879883e+01 -0.0000000000e+00 *1i),(7.6880783649e+01 -7.9818947573e-06 *1i),(7.6880783649e+01 +7.9818947573e-06 *1i),(9.5188444822e+01 -2.2347952182e-06 *1i),(9.5188444822e+01 +2.2347952182e-06 *1i),(9.8630408001e+01 -0.0000000000e+00 *1i),...
(9.8630953066e+01 -0.0000000000e+00 *1i),(1.0339406076e+02 -1.9596513126e-07 *1i),(1.0339406076e+02 +1.9596513126e-07 *1i),(1.2228060040e+02 -0.0000000000e+00 *1i),(1.2228106138e+02 -0.0000000000e+00 *1i),(1.2275972053e+02 -3.3543488179e-05 *1i),(1.2275972053e+02 +3.3543488179e-05 *1i),(1.3481299637e+02 -0.0000000000e+00 *1i),(1.3486949414e+02 -0.0000000000e+00 *1i),(1.3884968370e+02 -0.0000000000e+00 *1i),...
(1.4923448462e+02 -0.0000000000e+00 *1i),(1.4923488462e+02 -0.0000000000e+00 *1i),(1.5201432937e+02 -1.4566737863e-05 *1i),(1.5201432937e+02 +1.4566737863e-05 *1i)
];
eigErr=[...
 5.69e-05 , 1.44e-04 , 1.44e-04 , 3.01e-04 , 2.17e-04 , 2.99e-04 , 4.00e-04 , 4.00e-04 , 4.83e-04 , 4.83e-04 ,...
 5.66e-04 , 5.66e-04 , 8.07e-04 , 5.85e-04 , 7.36e-04 , 7.56e-04 , 7.56e-04 , 9.35e-04 , 9.35e-04 , 9.71e-04 ,...
 9.65e-04 , 1.02e-03 , 1.02e-03 , 1.20e-03 , 1.20e-03 , 1.20e-03 , 1.20e-03 , 1.54e-03 , 1.12e-03 , 1.37e-03 ,...
 1.46e-03 , 1.46e-03 , 1.49e-03 , 1.49e-03 
];
evectErr=[...
 1.08e-06 , 7.16e-06 , 7.16e-06 , 8.14e-06 , 1.37e-05 , 3.61e-05 , 3.96e-04 , 3.96e-04 , 3.68e-04 , 3.68e-04 ,...
 4.97e-04 , 7.09e-05 , 1.89e-04 , 1.97e-04 , 3.36e-04 , 3.87e-04 , 3.87e-04 , 2.24e-03 , 2.24e-03 , 5.54e-04 ,...
 5.53e-04 , 1.43e-03 , 1.43e-03 , 2.96e-03 , 6.91e-04 , 8.14e-04 , 8.14e-04 , 5.24e-04 , 5.30e-04 , 1.25e-03 ,...
 1.13e-03 , 1.18e-03 , 2.02e-03 , 2.02e-03 
];
