% Eigenvalues for grid=[/home/henshw/grids/sice32.order2.hdf]
% File created eig/genEigs
lambdav=[...
(5.7831655249e+00 -0.0000000000e+00 *1i),(1.4681838910e+01 -0.0000000000e+00 *1i),(1.4681838911e+01 -0.0000000000e+00 *1i),(2.6374120979e+01 -0.0000000000e+00 *1i),(2.6374261617e+01 -0.0000000000e+00 *1i),(3.0470694956e+01 -0.0000000000e+00 *1i),(4.0705453084e+01 -0.0000000000e+00 *1i),(4.0705453093e+01 -0.0000000000e+00 *1i),(4.9216975976e+01 -0.0000000000e+00 *1i),(4.9216975982e+01 -0.0000000000e+00 *1i),...
(5.7580914290e+01 -0.0000000000e+00 *1i),(5.7580914367e+01 -0.0000000000e+00 *1i),(7.0846424394e+01 -0.0000000000e+00 *1i),(7.0847438276e+01 -0.0000000000e+00 *1i),(7.4883579738e+01 -0.0000000000e+00 *1i),(7.6935310312e+01 -0.0000000000e+00 *1i),(7.6935310351e+01 -0.0000000000e+00 *1i),(9.5272024848e+01 -0.0000000000e+00 *1i),(9.5272024874e+01 -0.0000000000e+00 *1i),(9.8720313651e+01 -0.0000000000e+00 *1i),...
(9.8720317019e+01 -0.0000000000e+00 *1i),(1.0349290774e+02 -0.0000000000e+00 *1i),(1.0349290776e+02 -0.0000000000e+00 *1i),(1.2241863577e+02 -0.0000000000e+00 *1i),(1.2241863670e+02 -0.0000000000e+00 *1i),(1.2289836761e+02 -0.0000000000e+00 *1i),(1.2289836771e+02 -0.0000000000e+00 *1i),(1.3500772760e+02 -0.0000000000e+00 *1i),(1.3501140821e+02 -0.0000000000e+00 *1i),(1.3902847039e+02 -0.0000000000e+00 *1i),...
(1.4943922971e+02 -0.0000000000e+00 *1i),(1.4943923031e+02 -0.0000000000e+00 *1i),(1.5222698954e+02 -0.0000000000e+00 *1i),(1.5222698961e+02 -0.0000000000e+00 *1i),(1.6937791290e+02 -0.0000000000e+00 *1i),(1.6937791295e+02 -0.0000000000e+00 *1i)
];
eigErr=[...
 3.53e-06 , 8.97e-06 , 8.97e-06 , 1.88e-05 , 1.35e-05 , 1.86e-05 , 2.49e-05 , 2.49e-05 , 3.01e-05 , 3.01e-05 ,...
 3.52e-05 , 3.52e-05 , 5.05e-05 , 3.61e-05 , 4.58e-05 , 4.70e-05 , 4.70e-05 , 5.82e-05 , 5.82e-05 , 6.04e-05 ,...
 6.03e-05 , 6.32e-05 , 6.32e-05 , 7.48e-05 , 7.48e-05 , 7.51e-05 , 7.51e-05 , 9.61e-05 , 6.89e-05 , 8.50e-05 ,...
 9.13e-05 , 9.13e-05 , 9.30e-05 , 9.30e-05 , 1.04e-04 , 1.04e-04 
];
evectErr=[...
 1.51e-08 , 4.59e-07 , 4.59e-07 , 1.56e-07 , 2.05e-07 , 2.32e-06 , 2.56e-05 , 2.56e-05 , 2.28e-05 , 2.28e-05 ,...
 3.22e-05 , 1.05e-05 , 1.26e-05 , 1.26e-05 , 2.07e-05 , 2.33e-05 , 2.33e-05 , 1.47e-04 , 1.47e-04 , 3.48e-05 ,...
 3.47e-05 , 9.06e-05 , 9.06e-05 , 1.99e-04 , 4.79e-05 , 5.08e-05 , 5.08e-05 , 3.22e-05 , 3.22e-05 , 7.71e-05 ,...
 6.77e-05 , 7.29e-05 , 1.36e-04 , 1.36e-04 , 4.73e-04 , 4.73e-04 
];
