% Eigenvalues for grid=[/home/henshw/grids/pipeze2.order4.ng3.hdf]
% File created eig/genEigs
lambdav=[...
(3.3002021019e+01 -0.0000000000e+00 *1i),(6.2614676063e+01 -0.0000000000e+00 *1i),(6.8594450719e+01 -0.0000000000e+00 *1i),(6.8594587504e+01 -0.0000000000e+00 *1i),(9.8208177750e+01 -0.0000000000e+00 *1i),(9.8208314543e+01 -0.0000000000e+00 *1i),(1.1198155509e+02 -0.0000000000e+00 *1i),(1.1535978955e+02 -0.0000000000e+00 *1i),(1.1535998260e+02 -0.0000000000e+00 *1i),(1.3173344113e+02 -0.0000000000e+00 *1i),...
(1.4497433689e+02 -0.0000000000e+00 *1i),(1.4497438165e+02 -0.0000000000e+00 *1i),(1.4757905891e+02 -0.0000000000e+00 *1i),(1.4757919575e+02 -0.0000000000e+00 *1i),(1.6134716443e+02 -0.0000000000e+00 *1i),(1.7266250088e+02 -0.0000000000e+00 *1i),(1.7266378360e+02 -0.0000000000e+00 *1i),(1.8104309177e+02 -0.0000000000e+00 *1i),(1.9434768980e+02 -0.0000000000e+00 *1i),(1.9434860036e+02 -0.0000000000e+00 *1i),...
(2.0227741408e+02 -0.0000000000e+00 *1i),(2.0227869682e+02 -0.0000000000e+00 *1i),(2.0660396734e+02 -0.0000000000e+00 *1i),(2.0660656139e+02 -0.0000000000e+00 *1i),(2.1071866873e+02 -0.0000000000e+00 *1i),(2.1662177854e+02 -0.0000000000e+00 *1i),(2.1662191536e+02 -0.0000000000e+00 *1i),(2.3621710003e+02 -0.0000000000e+00 *1i),(2.3621969414e+02 -0.0000000000e+00 *1i),(2.4005580333e+02 -0.0000000000e+00 *1i),...
(2.4006456898e+02 -0.0000000000e+00 *1i),(2.5165298458e+02 -0.0000000000e+00 *1i),(2.5165426738e+02 -0.0000000000e+00 *1i)
];
eigErr=[...
 9.92e-06 , 5.61e-05 , 4.43e-05 , 4.23e-05 , 1.91e-05 , 2.05e-05 , 2.00e-04 , 7.18e-05 , 7.01e-05 , 1.61e-04 ,...
 1.76e-05 , 1.73e-05 , 1.68e-04 , 1.69e-04 , 1.01e-04 , 1.91e-04 , 1.83e-04 , 1.84e-05 , 1.17e-04 , 1.22e-04 ,...
 1.33e-04 , 1.26e-04 , 6.75e-04 , 6.62e-04 , 3.41e-05 , 9.13e-05 , 9.06e-05 , 5.72e-04 , 5.61e-04 , 6.06e-04 ,...
 5.70e-04 , 2.71e-06 , 7.81e-06 
];
evectErr=[...
 8.31e-06 , 2.21e-04 , 5.04e-05 , 5.41e-05 , 3.75e-04 , 3.75e-04 , 1.43e-03 , 2.63e-04 , 1.60e-04 , 3.06e-04 ,...
 4.57e-04 , 4.19e-04 , 2.03e-03 , 2.03e-03 , 3.71e-04 , 1.50e-03 , 1.46e-03 , 5.87e-03 , 2.13e-03 , 2.37e-03 ,...
 1.53e-03 , 1.47e-03 , 1.15e-03 , 1.16e-03 , 1.08e-03 , 1.17e-02 , 1.17e-02 , 1.25e-03 , 1.24e-03 , 5.16e-03 ,...
 8.09e-04 , 2.69e-03 , 2.68e-03 
];
