% Eigenvalues for grid=[/home/henshw/grids/pipeze2.order2.hdf]
% File created eig/genEigs
lambdav=[...
(3.2891672067e+01 -0.0000000000e+00 *1i),(6.2186293064e+01 -0.0000000000e+00 *1i),(6.8073525161e+01 -0.0000000000e+00 *1i),(6.8076890300e+01 -0.0000000000e+00 *1i),(9.7353248151e+01 -0.0000000000e+00 *1i),(9.7356611026e+01 -0.0000000000e+00 *1i),(1.1017965879e+02 -0.0000000000e+00 *1i),(1.1369158636e+02 -0.0000000000e+00 *1i),(1.1412611159e+02 -0.0000000000e+00 *1i),(1.2986623324e+02 -0.0000000000e+00 *1i),...
(1.4295593980e+02 -0.0000000000e+00 *1i),(1.4338754541e+02 -0.0000000000e+00 *1i),(1.4528260026e+02 -0.0000000000e+00 *1i),(1.4528595338e+02 -0.0000000000e+00 *1i),(1.5912492384e+02 -0.0000000000e+00 *1i),(1.6953680529e+02 -0.0000000000e+00 *1i),(1.6961894666e+02 -0.0000000000e+00 *1i),(1.7558846457e+02 -0.0000000000e+00 *1i),(1.9081933894e+02 -0.0000000000e+00 *1i),(1.9123841173e+02 -0.0000000000e+00 *1i),...
(1.9878256223e+02 -0.0000000000e+00 *1i),(1.9886467478e+02 -0.0000000000e+00 *1i),(2.0222099659e+02 -0.0000000000e+00 *1i),(2.0230476186e+02 -0.0000000000e+00 *1i),(2.0696430915e+02 -0.0000000000e+00 *1i),(2.1046354962e+02 -0.0000000000e+00 *1i),(2.1046685560e+02 -0.0000000000e+00 *1i),(2.3146148722e+02 -0.0000000000e+00 *1i),(2.3154524680e+02 -0.0000000000e+00 *1i),(2.3430888880e+02 -0.0000000000e+00 *1i),...
(2.3456843487e+02 -0.0000000000e+00 *1i),(2.4656624502e+02 -0.0000000000e+00 *1i),(2.4664823342e+02 -0.0000000000e+00 *1i),(2.5578938967e+02 -0.0000000000e+00 *1i)
];
eigErr=[...
 3.35e-03 , 6.79e-03 , 7.64e-03 , 7.59e-03 , 8.69e-03 , 8.65e-03 , 1.59e-02 , 1.45e-02 , 1.08e-02 , 1.43e-02 ,...
 1.39e-02 , 1.10e-02 , 2.11e-03 , 2.13e-03 , 1.39e-02 , 1.83e-02 , 1.78e-02 , 1.68e-02 , 1.80e-02 , 1.59e-02 ,...
 1.74e-02 , 1.70e-02 , 4.12e-04 , 2.38e-06 , 1.07e-03 , 1.18e-03 , 1.16e-03 , 2.07e-02 , 2.03e-02 , 8.65e-03 ,...
 7.55e-03 , 2.02e-02 , 1.99e-02 , 1.64e-02 
];
evectErr=[...
 2.82e-04 , 1.01e-03 , 1.20e-03 , 1.30e-03 , 1.85e-03 , 1.89e-03 , 3.90e-03 , 5.73e-03 , 3.38e-03 , 4.04e-03 ,...
 5.47e-03 , 3.56e-03 , 1.00e+00 , 1.00e+00 , 3.72e-03 , 1.86e-02 , 1.83e-02 , 1.00e+00 , 8.17e-03 , 8.20e-03 ,...
 1.84e-02 , 1.81e-02 , 1.00e+00 , 1.00e+00 , 1.00e+00 , 1.00e+00 , 1.00e+00 , 2.44e-02 , 2.15e-02 , 1.00e+00 ,...
 1.00e+00 , 1.81e-02 , 1.77e-02 , 1.00e+00 
];
