% Eigenvalues for grid=[/home/henshw/grids/pipeze4.order2.hdf]
% File created eig/genEigs
lambdav=[...
(3.2976271250e+01 -0.0000000000e+00 *1i),(6.2509095405e+01 -0.0000000000e+00 *1i),(6.8459638580e+01 -0.0000000000e+00 *1i),(6.8460894372e+01 -0.0000000000e+00 *1i),(9.7992519016e+01 -0.0000000000e+00 *1i),(9.7993760368e+01 -0.0000000000e+00 *1i),(1.1152721558e+02 -0.0000000000e+00 *1i),(1.1488007156e+02 -0.0000000000e+00 *1i),(1.1502049410e+02 -0.0000000000e+00 *1i),(1.3119812736e+02 -0.0000000000e+00 *1i),...
(1.4441305197e+02 -0.0000000000e+00 *1i),(1.4455333488e+02 -0.0000000000e+00 *1i),(1.4700939959e+02 -0.0000000000e+00 *1i),(1.4701073259e+02 -0.0000000000e+00 *1i),(1.6073101041e+02 -0.0000000000e+00 *1i),(1.7173582190e+02 -0.0000000000e+00 *1i),(1.7173772644e+02 -0.0000000000e+00 *1i),(1.7972875494e+02 -0.0000000000e+00 *1i),(1.9342813756e+02 -0.0000000000e+00 *1i),(1.9356917131e+02 -0.0000000000e+00 *1i),...
(2.0126876759e+02 -0.0000000000e+00 *1i),(2.0127063502e+02 -0.0000000000e+00 *1i),(2.0535579986e+02 -0.0000000000e+00 *1i),(2.0536381934e+02 -0.0000000000e+00 *1i),(2.0974608550e+02 -0.0000000000e+00 *1i),(2.1520886039e+02 -0.0000000000e+00 *1i),(2.1521031084e+02 -0.0000000000e+00 *1i),(2.3488860061e+02 -0.0000000000e+00 *1i),(2.3489664460e+02 -0.0000000000e+00 *1i),(2.3832644342e+02 -0.0000000000e+00 *1i),...
(2.3835818886e+02 -0.0000000000e+00 *1i),(2.5028241279e+02 -0.0000000000e+00 *1i),(2.5028456578e+02 -0.0000000000e+00 *1i)
];
eigErr=[...
 7.90e-04 , 1.63e-03 , 2.01e-03 , 1.99e-03 , 2.18e-03 , 2.16e-03 , 3.86e-03 , 4.23e-03 , 3.01e-03 , 4.22e-03 ,...
 3.89e-03 , 2.92e-03 , 3.69e-03 , 3.68e-03 , 3.92e-03 , 5.56e-03 , 5.55e-03 , 7.28e-03 , 4.61e-03 , 3.89e-03 ,...
 5.12e-03 , 5.11e-03 , 6.71e-03 , 6.67e-03 , 4.58e-03 , 6.61e-03 , 6.61e-03 , 6.19e-03 , 6.16e-03 , 7.81e-03 ,...
 7.67e-03 , 5.44e-03 , 5.44e-03 
];
evectErr=[...
 6.10e-05 , 6.40e-05 , 2.16e-04 , 2.24e-04 , 2.24e-04 , 2.31e-04 , 9.51e-05 , 4.97e-04 , 3.47e-04 , 4.01e-04 ,...
 5.10e-04 , 3.67e-04 , 1.93e-04 , 2.60e-04 , 4.12e-04 , 5.19e-03 , 5.50e-03 , 5.25e-04 , 5.71e-04 , 4.50e-04 ,...
 5.21e-03 , 5.54e-03 , 5.07e-03 , 5.00e-03 , 4.10e-04 , 8.66e-04 , 8.64e-04 , 5.10e-03 , 5.03e-03 , 1.25e-03 ,...
 5.64e-03 , 5.20e-03 , 5.52e-03 
];
