% Eigenvalues for grid=[/home/henshw/grids/pipeze4.order4.ng3.hdf]
% File created eig/genEigs
lambdav=[...
(3.3002317162e+01 -0.0000000000e+00 *1i),(6.2611108228e+01 -0.0000000000e+00 *1i),(6.8597024115e+01 -0.0000000000e+00 *1i),(6.8597024378e+01 -0.0000000000e+00 *1i),(9.8205818141e+01 -0.0000000000e+00 *1i),(9.8205818404e+01 -0.0000000000e+00 *1i),(1.1195875765e+02 -0.0000000000e+00 *1i),(1.1536488960e+02 -0.0000000000e+00 *1i),(1.1536638146e+02 -0.0000000000e+00 *1i),(1.3175095499e+02 -0.0000000000e+00 *1i),...
(1.4497368788e+02 -0.0000000000e+00 *1i),(1.4497517746e+02 -0.0000000000e+00 *1i),(1.4755346607e+02 -0.0000000000e+00 *1i),(1.4755346633e+02 -0.0000000000e+00 *1i),(1.6135975206e+02 -0.0000000000e+00 *1i),(1.7268730402e+02 -0.0000000000e+00 *1i),(1.7268732918e+02 -0.0000000000e+00 *1i),(1.8104333056e+02 -0.0000000000e+00 *1i),(1.9432133369e+02 -0.0000000000e+00 *1i),(1.9432282597e+02 -0.0000000000e+00 *1i),...
(2.0229610416e+02 -0.0000000000e+00 *1i),(2.0229612932e+02 -0.0000000000e+00 *1i),(2.0672951428e+02 -7.1926631821e-07 *1i),(2.0672951428e+02 +7.1926631821e-07 *1i),(2.1070740093e+02 -0.0000000000e+00 *1i),(2.1663807664e+02 -0.0000000000e+00 *1i),(2.1663807690e+02 -0.0000000000e+00 *1i),(2.3633831284e+02 -7.1937723624e-07 *1i),(2.3633831284e+02 +7.1937723624e-07 *1i),(2.4017898321e+02 -0.0000000000e+00 *1i),...
(2.4018106459e+02 -0.0000000000e+00 *1i),(2.5164375156e+02 -0.0000000000e+00 *1i),(2.5164377672e+02 -0.0000000000e+00 *1i)
];
eigErr=[...
 9.42e-07 , 8.50e-07 , 6.75e-06 , 6.74e-06 , 4.91e-06 , 4.91e-06 , 3.80e-06 , 2.76e-05 , 1.46e-05 , 2.81e-05 ,...
 2.20e-05 , 1.18e-05 , 5.80e-06 , 5.80e-06 , 2.30e-05 , 4.73e-05 , 4.71e-05 , 1.70e-05 , 1.84e-05 , 1.07e-05 ,...
 4.04e-05 , 4.03e-05 , 6.73e-05 , 6.73e-05 , 1.94e-05 , 1.60e-05 , 1.60e-05 , 5.89e-05 , 5.89e-05 , 9.32e-05 ,...
 8.45e-05 , 3.40e-05 , 3.39e-05 
];
evectErr=[...
 2.60e-07 , 8.09e-06 , 9.84e-07 , 9.64e-07 , 8.05e-06 , 8.04e-06 , 5.75e-05 , 7.29e-06 , 5.18e-06 , 9.31e-06 ,...
 9.47e-06 , 8.71e-06 , 5.76e-05 , 5.76e-05 , 1.01e-05 , 8.52e-05 , 8.36e-05 , 2.28e-04 , 6.12e-05 , 6.00e-05 ,...
 8.54e-05 , 8.37e-05 , 1.08e-04 , 1.09e-04 , 5.58e-05 , 2.21e-04 , 2.21e-04 , 1.08e-04 , 1.08e-04 , 5.55e-05 ,...
 1.36e-04 , 8.70e-05 , 8.55e-05 
];
