% Eigenvalues for grid=[/home/henshw/grids/pipeze8.order2.hdf]
% File created eig/genEigs
lambdav=[...
(3.2995892746e+01 -0.0000000000e+00 *1i),(6.2585682440e+01 -0.0000000000e+00 *1i),(6.8562903086e+01 -4.5595615939e-09 *1i),(6.8562903086e+01 +4.5595615939e-09 *1i),(9.8152689130e+01 -6.3264340645e-09 *1i),(9.8152689130e+01 +6.3264340645e-09 *1i),(1.1185129943e+02 -0.0000000000e+00 *1i),(1.1524148627e+02 -0.0000000000e+00 *1i),(1.1527786792e+02 -0.0000000000e+00 *1i),(1.3161048093e+02 -0.0000000000e+00 *1i),...
(1.4483126723e+02 -0.0000000000e+00 *1i),(1.4486764960e+02 -0.0000000000e+00 *1i),(1.4741829724e+02 -0.0000000000e+00 *1i),(1.4741829725e+02 -0.0000000000e+00 *1i),(1.6120026067e+02 -0.0000000000e+00 *1i),(1.7243992468e+02 -0.0000000000e+00 *1i),(1.7243992473e+02 -0.0000000000e+00 *1i),(1.8071683735e+02 -0.0000000000e+00 *1i),(1.9409686332e+02 -0.0000000000e+00 *1i),(1.9413324649e+02 -0.0000000000e+00 *1i),...
(2.0202970033e+02 -1.0772094530e-08 *1i),(2.0202970033e+02 +1.0772094530e-08 *1i),(2.0637125272e+02 -2.7578388900e-09 *1i),(2.0637125272e+02 +2.7578388900e-09 *1i),(2.1046585309e+02 -0.0000000000e+00 *1i),(2.1628390731e+02 -0.0000000000e+00 *1i),(2.1628390732e+02 -0.0000000000e+00 *1i),(2.3596102522e+02 -7.8338660482e-09 *1i),(2.3596102522e+02 +7.8338660482e-09 *1i),(2.3969235419e+02 -0.0000000000e+00 *1i),...
(2.3969431348e+02 -0.0000000000e+00 *1i),(2.5129528262e+02 -7.7027262327e-09 *1i),(2.5129528262e+02 +7.7027262327e-09 *1i),(2.6296257981e+02 -0.0000000000e+00 *1i),(2.6299893264e+02 -0.0000000000e+00 *1i),(2.6907606027e+02 -0.0000000000e+00 *1i)
];
eigErr=[...
 1.96e-04 , 4.07e-04 , 5.04e-04 , 5.04e-04 , 5.46e-04 , 5.46e-04 , 9.64e-04 , 1.10e-03 , 7.82e-04 , 1.09e-03 ,...
 1.00e-03 , 7.53e-04 , 9.22e-04 , 9.22e-04 , 1.01e-03 , 1.48e-03 , 1.48e-03 , 1.82e-03 , 1.17e-03 , 9.86e-04 ,...
 1.36e-03 , 1.36e-03 , 1.80e-03 , 1.80e-03 , 1.17e-03 , 1.65e-03 , 1.65e-03 , 1.66e-03 , 1.66e-03 , 2.12e-03 ,...
 2.11e-03 , 1.42e-03 , 1.42e-03 , 1.71e-03 , 1.57e-03 , 2.72e-03 
];
evectErr=[...
 5.85e-06 , 6.52e-06 , 2.68e-05 , 2.68e-05 , 2.69e-05 , 2.69e-05 , 7.92e-06 , 6.84e-05 , 3.97e-05 , 1.28e-04 ,...
 6.91e-05 , 4.00e-05 , 3.31e-05 , 3.31e-05 , 1.28e-04 , 1.61e-03 , 1.60e-03 , 2.68e-05 , 6.41e-05 , 4.74e-05 ,...
 1.60e-03 , 1.61e-03 , 1.47e-03 , 1.47e-03 , 1.28e-04 , 6.75e-05 , 6.75e-05 , 1.47e-03 , 1.47e-03 , 2.04e-03 ,...
 2.14e-04 , 1.60e-03 , 1.61e-03 , 9.37e-05 , 8.45e-05 , 1.00e+00 
];
