% Eigenvalues for grid=[/home/henshw/grids/pipeze8.order4.ng3.hdf]
% File created eig/genEigs
lambdav=[...
(3.3002346089e+01 -0.0000000000e+00 *1i),(6.2611150502e+01 -0.0000000000e+00 *1i),(6.8597454071e+01 -0.0000000000e+00 *1i),(6.8597454102e+01 -0.0000000000e+00 *1i),(9.8206258477e+01 -0.0000000000e+00 *1i),(9.8206258509e+01 -0.0000000000e+00 *1i),(1.1195907884e+02 -0.0000000000e+00 *1i),(1.1536782477e+02 -0.0000000000e+00 *1i),(1.1536794103e+02 -0.0000000000e+00 *1i),(1.3175436512e+02 -0.0000000000e+00 *1i),...
(1.4497662917e+02 -0.0000000000e+00 *1i),(1.4497674543e+02 -0.0000000000e+00 *1i),(1.4755418668e+02 -0.0000000000e+00 *1i),(1.4755418671e+02 -0.0000000000e+00 *1i),(1.6136316951e+02 -0.0000000000e+00 *1i),(1.7269478908e+02 -0.0000000000e+00 *1i),(1.7269479034e+02 -0.0000000000e+00 *1i),(1.8104582998e+02 -0.0000000000e+00 *1i),(1.9432455716e+02 -0.0000000000e+00 *1i),(1.9432467350e+02 -0.0000000000e+00 *1i),...
(2.0230359346e+02 -0.0000000000e+00 *1i),(2.0230359473e+02 -0.0000000000e+00 *1i),(2.0674223745e+02 -0.0000000000e+00 *1i),(2.0674223836e+02 -0.0000000000e+00 *1i),(2.1071109749e+02 -0.0000000000e+00 *1i),(2.1664093826e+02 -0.0000000000e+00 *1i),(2.1664093829e+02 -0.0000000000e+00 *1i),(2.3635104183e+02 -0.0000000000e+00 *1i),(2.3635104274e+02 -0.0000000000e+00 *1i),(2.4019947407e+02 -0.0000000000e+00 *1i),...
(2.4019947858e+02 -0.0000000000e+00 *1i),(2.5165152129e+02 -0.0000000000e+00 *1i),(2.5165152255e+02 -0.0000000000e+00 *1i)
];
eigErr=[...
 6.56e-08 , 1.75e-07 , 4.80e-07 , 4.79e-07 , 4.25e-07 , 4.24e-07 , 9.34e-07 , 2.13e-06 , 1.12e-06 , 2.19e-06 ,...
 1.75e-06 , 9.51e-07 , 9.18e-07 , 9.18e-07 , 1.84e-06 , 3.93e-06 , 3.92e-06 , 3.23e-06 , 1.79e-06 , 1.19e-06 ,...
 3.40e-06 , 3.39e-06 , 5.77e-06 , 5.76e-06 , 1.86e-06 , 2.84e-06 , 2.84e-06 , 5.08e-06 , 5.08e-06 , 7.88e-06 ,...
 7.87e-06 , 3.11e-06 , 3.10e-06 
];
evectErr=[...
 8.87e-09 , 2.80e-07 , 6.43e-08 , 6.45e-08 , 2.80e-07 , 2.79e-07 , 2.07e-06 , 2.16e-07 , 1.52e-07 , 4.65e-07 ,...
 2.71e-07 , 2.75e-07 , 2.07e-06 , 2.07e-06 , 4.87e-07 , 7.56e-06 , 7.57e-06 , 8.46e-06 , 2.06e-06 , 2.06e-06 ,...
 7.55e-06 , 7.57e-06 , 8.47e-06 , 8.47e-06 , 2.05e-06 , 8.45e-06 , 8.45e-06 , 8.44e-06 , 8.45e-06 , 2.75e-06 ,...
 1.26e-05 , 7.53e-06 , 7.54e-06 
];
