% Eigenvalues for grid=[/home/henshw/grids/spheree2.order2.hdf]
% File created eig/genEigs
lambdav=[...
(9.8548605723e+00 -0.0000000000e+00 *1i),(2.0130512196e+01 -3.3713254687e-08 *1i),(2.0130512196e+01 +3.3713254687e-08 *1i),(2.0130833054e+01 -0.0000000000e+00 *1i),(3.3045699027e+01 -0.0000000000e+00 *1i),(3.3048160298e+01 -0.0000000000e+00 *1i),(3.3074756466e+01 -0.0000000000e+00 *1i),(3.3074952044e+01 -2.8335468584e-08 *1i),(3.3074952044e+01 +2.8335468584e-08 *1i),(3.9241066088e+01 -0.0000000000e+00 *1i),...
(4.8496834746e+01 -0.0000000000e+00 *1i),(4.8496834817e+01 -0.0000000000e+00 *1i),(4.8506512274e+01 -0.0000000000e+00 *1i),(4.8525643492e+01 -2.7625077493e-09 *1i),(4.8525643492e+01 +2.7625077493e-09 *1i),(4.8532816183e+01 -0.0000000000e+00 *1i),(4.8564969238e+01 -0.0000000000e+00 *1i),(5.9153388268e+01 -0.0000000000e+00 *1i),(5.9153388316e+01 -0.0000000000e+00 *1i),(5.9153982507e+01 -0.0000000000e+00 *1i),...
(6.6341200047e+01 -0.0000000000e+00 *1i),(6.6376976455e+01 -0.0000000000e+00 *1i),(6.6387992263e+01 -0.0000000000e+00 *1i),(6.6387992274e+01 -0.0000000000e+00 *1i),(6.6394495256e+01 -0.0000000000e+00 *1i),(6.6410449722e+01 -0.0000000000e+00 *1i),(6.6458247594e+01 -0.0000000000e+00 *1i),(6.6466571702e+01 -0.0000000000e+00 *1i),(6.6466571826e+01 -0.0000000000e+00 *1i),(8.1664509848e+01 -0.0000000000e+00 *1i),...
(8.1666400319e+01 -0.0000000000e+00 *1i),(8.1818572897e+01 -0.0000000000e+00 *1i),(8.1823582734e+01 -0.0000000000e+00 *1i),(8.1823582746e+01 -0.0000000000e+00 *1i)
];
eigErr=[...
 1.49e-03 , 2.98e-03 , 2.98e-03 , 2.97e-03 , 5.17e-03 , 5.10e-03 , 4.30e-03 , 4.29e-03 , 4.29e-03 , 6.01e-03 ,...
 6.85e-03 , 6.85e-03 , 6.65e-03 , 6.26e-03 , 6.26e-03 , 6.11e-03 , 5.45e-03 , 8.82e-03 , 8.82e-03 , 8.81e-03 ,...
 9.16e-03 , 8.62e-03 , 8.46e-03 , 8.46e-03 , 8.36e-03 , 8.12e-03 , 7.41e-03 , 7.28e-03 , 7.28e-03 , 1.28e-02 ,...
 1.27e-02 , 1.09e-02 , 1.08e-02 , 1.08e-02 
];
evectErr=[...
 2.11e-04 , 4.97e-04 , 4.78e-04 , 4.93e-04 , 4.84e-04 , 4.41e-04 , 9.97e-04 , 9.11e-04 , 9.20e-04 , 9.12e-04 ,...
 3.74e-03 , 3.64e-03 , 3.21e-03 , 1.19e-03 , 1.20e-03 , 8.83e-04 , 1.35e-03 , 5.83e-03 , 5.80e-03 , 5.57e-03 ,...
 5.94e-03 , 2.63e-03 , 1.46e-03 , 1.42e-03 , 4.91e-03 , 4.83e-03 , 3.03e-03 , 2.76e-03 , 2.72e-03 , 6.21e-03 ,...
 6.59e-03 , 4.20e-03 , 3.94e-03 , 3.93e-03 
];
