% Eigenvalues for grid=[/home/henshw/grids/spheree6.order4.ng3.hdf]
% File created eig/genEigs
lambdav=[...
(9.8696040932e+00 -0.0000000000e+00 *1i),(2.0190726294e+01 -0.0000000000e+00 *1i),(2.0190726321e+01 -0.0000000000e+00 *1i),(2.0190726321e+01 -0.0000000000e+00 *1i),(3.3217447730e+01 -0.0000000000e+00 *1i),(3.3217447923e+01 -0.0000000000e+00 *1i),(3.3217455634e+01 -0.0000000000e+00 *1i),(3.3217455669e+01 -1.5111387167e-11 *1i),(3.3217455669e+01 +1.5111387167e-11 *1i),(3.9478403848e+01 -0.0000000000e+00 *1i),...
(4.8831153753e+01 -0.0000000000e+00 *1i),(4.8831153970e+01 -4.4328849058e-11 *1i),(4.8831153970e+01 +4.4328849058e-11 *1i),(4.8831167777e+01 -5.5506219235e-11 *1i),(4.8831167777e+01 +5.5506219235e-11 *1i),(4.8831168110e+01 -0.0000000000e+00 *1i),(4.8831180615e+01 -0.0000000000e+00 *1i),(5.9679471635e+01 -0.0000000000e+00 *1i),(5.9679471635e+01 -0.0000000000e+00 *1i),(5.9679471649e+01 -0.0000000000e+00 *1i),...
(6.6954196838e+01 -0.0000000000e+00 *1i),(6.6954217550e+01 -0.0000000000e+00 *1i),(6.6954218666e+01 -2.2887014210e-10 *1i),(6.6954218666e+01 +2.2887014210e-10 *1i),(6.6954230641e+01 -0.0000000000e+00 *1i),(6.6954232099e+01 -0.0000000000e+00 *1i),(6.6954261448e+01 -0.0000000000e+00 *1i),(6.6954262599e+01 -1.1438561872e-10 *1i),(6.6954262599e+01 +1.1438561872e-10 *1i),(8.2719046652e+01 -0.0000000000e+00 *1i),...
(8.2719046738e+01 -0.0000000000e+00 *1i),(8.2719156502e+01 -0.0000000000e+00 *1i),(8.2719156957e+01 -3.3644033532e-11 *1i),(8.2719156957e+01 +3.3644033532e-11 *1i)
];
eigErr=[...
 3.12e-08 , 1.12e-07 , 1.11e-07 , 1.11e-07 , 4.27e-07 , 4.21e-07 , 1.89e-07 , 1.88e-07 , 1.88e-07 , 3.48e-07 ,...
 8.17e-07 , 8.12e-07 , 8.12e-07 , 5.30e-07 , 5.30e-07 , 5.23e-07 , 2.67e-07 , 7.42e-07 , 7.42e-07 , 7.42e-07 ,...
 1.72e-06 , 1.41e-06 , 1.39e-06 , 1.39e-06 , 1.21e-06 , 1.19e-06 , 7.54e-07 , 7.37e-07 , 7.37e-07 , 2.23e-06 ,...
 2.23e-06 , 9.02e-07 , 8.96e-07 , 8.96e-07 
];
evectErr=[...
 3.67e-09 , 4.95e-08 , 5.06e-08 , 5.06e-08 , 2.23e-07 , 2.28e-07 , 2.21e-07 , 2.32e-07 , 2.32e-07 , 1.91e-07 ,...
 1.40e-06 , 1.36e-06 , 1.36e-06 , 5.72e-07 , 5.73e-07 , 5.76e-07 , 5.96e-07 , 2.03e-06 , 2.03e-06 , 2.00e-06 ,...
 2.65e-06 , 1.25e-06 , 1.24e-06 , 1.24e-06 , 2.70e-06 , 2.64e-06 , 1.22e-06 , 1.23e-06 , 1.23e-06 , 3.57e-06 ,...
 3.61e-06 , 2.42e-06 , 2.95e-06 , 2.95e-06 
];
