% Eigenvalues for grid=[/home/henshw/grids/spheree4.order2.hdf]
% File created eig/genEigs
lambdav=[...
(9.8664238974e+00 -0.0000000000e+00 *1i),(2.0177360150e+01 -2.0597277865e-07 *1i),(2.0177360150e+01 +2.0597277865e-07 *1i),(2.0177363109e+01 -0.0000000000e+00 *1i),(3.3175189336e+01 -0.0000000000e+00 *1i),(3.3175623456e+01 -0.0000000000e+00 *1i),(3.3185241917e+01 -7.7288124402e-07 *1i),(3.3185241917e+01 +7.7288124402e-07 *1i),(3.3185394601e+01 -0.0000000000e+00 *1i),(3.9426812894e+01 -0.0000000000e+00 *1i),...
(4.8745556847e+01 -0.0000000000e+00 *1i),(4.8745559486e+01 -0.0000000000e+00 *1i),(4.8745877895e+01 -0.0000000000e+00 *1i),(4.8755627498e+01 -0.0000000000e+00 *1i),(4.8756153522e+01 -5.4534014071e-07 *1i),(4.8756153522e+01 +5.4534014071e-07 *1i),(4.8770198312e+01 -0.0000000000e+00 *1i),(5.9561174370e+01 -2.9564550637e-07 *1i),(5.9561174370e+01 +2.9564550637e-07 *1i),(5.9561312176e+01 -0.0000000000e+00 *1i),...
(6.6791020250e+01 -0.0000000000e+00 *1i),(6.6797680645e+01 -0.0000000000e+00 *1i),(6.6798005294e+01 -2.7033476779e-06 *1i),(6.6798005294e+01 +2.7033476779e-06 *1i),(6.6806881044e+01 -0.0000000000e+00 *1i),(6.6807234559e+01 -0.0000000000e+00 *1i),(6.6828684084e+01 -0.0000000000e+00 *1i),(6.6828687251e+01 -0.0000000000e+00 *1i),(6.6830672248e+01 -0.0000000000e+00 *1i),(8.2457092915e+01 -0.0000000000e+00 *1i),...
(8.2457766701e+01 -0.0000000000e+00 *1i),(8.2516330880e+01 -7.3182399514e-07 *1i),(8.2516330880e+01 +7.3182399514e-07 *1i),(8.2516368713e+01 -0.0000000000e+00 *1i)
];
eigErr=[...
 3.22e-04 , 6.62e-04 , 6.62e-04 , 6.62e-04 , 1.27e-03 , 1.26e-03 , 9.70e-04 , 9.70e-04 , 9.65e-04 , 1.31e-03 ,...
 1.75e-03 , 1.75e-03 , 1.75e-03 , 1.55e-03 , 1.54e-03 , 1.54e-03 , 1.25e-03 , 1.98e-03 , 1.98e-03 , 1.98e-03 ,...
 2.44e-03 , 2.34e-03 , 2.33e-03 , 2.33e-03 , 2.20e-03 , 2.20e-03 , 1.88e-03 , 1.88e-03 , 1.85e-03 , 3.17e-03 ,...
 3.16e-03 , 2.45e-03 , 2.45e-03 , 2.45e-03 
];
evectErr=[...
 1.26e-05 , 5.79e-05 , 5.87e-05 , 5.94e-05 , 1.13e-04 , 9.68e-05 , 1.22e-04 , 1.21e-04 , 1.21e-04 , 2.03e-04 ,...
 1.28e-03 , 1.27e-03 , 1.22e-03 , 2.24e-04 , 2.33e-04 , 2.34e-04 , 2.17e-04 , 1.89e-03 , 1.90e-03 , 1.84e-03 ,...
 1.38e-03 , 2.59e-04 , 2.44e-04 , 2.47e-04 , 1.61e-03 , 1.85e-03 , 9.83e-04 , 9.74e-04 , 8.19e-04 , 2.22e-03 ,...
 2.22e-03 , 1.22e-03 , 1.23e-03 , 1.21e-03 
];
