% Eigenvalues for grid=[/home/henshw/grids/spheree4.order4.ng3.hdf]
% File created eig/genEigs
lambdav=[...
(9.8696028869e+00 -0.0000000000e+00 *1i),(2.0190718428e+01 -1.3047157338e-11 *1i),(2.0190718428e+01 +1.3047157338e-11 *1i),(2.0190718433e+01 -0.0000000000e+00 *1i),(3.3217401693e+01 -0.0000000000e+00 *1i),(3.3217402071e+01 -0.0000000000e+00 *1i),(3.3217435715e+01 -0.0000000000e+00 *1i),(3.3217436136e+01 -3.9645879492e-10 *1i),(3.3217436136e+01 +3.9645879492e-10 *1i),(3.9478362287e+01 -0.0000000000e+00 *1i),...
(4.8831033834e+01 -9.5061789015e-10 *1i),(4.8831033834e+01 +9.5061789015e-10 *1i),(4.8831036201e+01 -0.0000000000e+00 *1i),(4.8831090515e+01 -1.3849511039e-09 *1i),(4.8831090515e+01 +1.3849511039e-09 *1i),(4.8831092497e+01 -0.0000000000e+00 *1i),(4.8831145883e+01 -0.0000000000e+00 *1i),(5.9679353291e+01 -0.0000000000e+00 *1i),(5.9679353528e+01 -3.1839913168e-11 *1i),(5.9679353528e+01 +3.1839913168e-11 *1i),...
(6.6953885304e+01 -0.0000000000e+00 *1i),(6.6953938027e+01 -0.0000000000e+00 *1i),(6.6953954942e+01 -3.6383152689e-09 *1i),(6.6953954942e+01 +3.6383152689e-09 *1i),(6.6954008947e+01 -0.0000000000e+00 *1i),(6.6954013452e+01 -0.0000000000e+00 *1i),(6.6954131580e+01 -0.0000000000e+00 *1i),(6.6954135765e+01 -2.3721521586e-09 *1i),(6.6954135765e+01 +2.3721521586e-09 *1i),(8.2718559265e+01 -0.0000000000e+00 *1i),...
(8.2718559640e+01 -0.0000000000e+00 *1i),(8.2719010326e+01 -0.0000000000e+00 *1i),(8.2719011353e+01 -7.3011497225e-10 *1i),(8.2719011353e+01 +7.3011497225e-10 *1i)
];
eigErr=[...
 1.53e-07 , 5.02e-07 , 5.02e-07 , 5.01e-07 , 1.81e-06 , 1.80e-06 , 7.89e-07 , 7.76e-07 , 7.76e-07 , 1.40e-06 ,...
 3.27e-06 , 3.27e-06 , 3.22e-06 , 2.11e-06 , 2.11e-06 , 2.07e-06 , 9.78e-07 , 2.73e-06 , 2.72e-06 , 2.72e-06 ,...
 6.37e-06 , 5.58e-06 , 5.33e-06 , 5.33e-06 , 4.53e-06 , 4.46e-06 , 2.69e-06 , 2.63e-06 , 2.63e-06 , 8.12e-06 ,...
 8.12e-06 , 2.67e-06 , 2.66e-06 , 2.66e-06 
];
evectErr=[...
 2.38e-08 , 3.82e-07 , 3.82e-07 , 3.76e-07 , 1.70e-06 , 1.73e-06 , 1.67e-06 , 1.66e-06 , 1.66e-06 , 1.16e-06 ,...
 5.03e-06 , 5.03e-06 , 5.24e-06 , 4.36e-06 , 4.36e-06 , 4.37e-06 , 4.29e-06 , 8.78e-06 , 8.31e-06 , 8.33e-06 ,...
 1.02e-05 , 9.06e-06 , 8.98e-06 , 8.98e-06 , 9.86e-06 , 9.79e-06 , 8.93e-06 , 9.01e-06 , 9.01e-06 , 1.95e-05 ,...
 1.99e-05 , 1.59e-05 , 1.57e-05 , 1.57e-05 
];
