% Eigenvalues for grid=[/home/henshw/grids/spheree2.order4.ng3.hdf]
% File created eig/genEigs
lambdav=[...
(9.8695764855e+00 -0.0000000000e+00 *1i),(2.0190625500e+01 -5.6525848288e-09 *1i),(2.0190625500e+01 +5.6525848288e-09 *1i),(2.0190627933e+01 -0.0000000000e+00 *1i),(3.3217444316e+01 -0.0000000000e+00 *1i),(3.3217484524e+01 -0.0000000000e+00 *1i),(3.3217612249e+01 -1.1925540871e-07 *1i),(3.3217612249e+01 +1.1925540871e-07 *1i),(3.3217614766e+01 -0.0000000000e+00 *1i),(3.9478609589e+01 -0.0000000000e+00 *1i),...
(4.8832285412e+01 -7.8051121470e-08 *1i),(4.8832285412e+01 +7.8051121470e-08 *1i),(4.8832373004e+01 -0.0000000000e+00 *1i),(4.8832439281e+01 -3.7777519476e-07 *1i),(4.8832439281e+01 +3.7777519476e-07 *1i),(4.8832594172e+01 -0.0000000000e+00 *1i),(4.8832749502e+01 -0.0000000000e+00 *1i),(5.9682439349e+01 -4.8916892700e-09 *1i),(5.9682439349e+01 +4.8916892700e-09 *1i),(5.9682606396e+01 -0.0000000000e+00 *1i),...
(6.6957027508e+01 -0.0000000000e+00 *1i),(6.6957179408e+01 -0.0000000000e+00 *1i),(6.6957715382e+01 -0.0000000000e+00 *1i),(6.6958031278e+01 -0.0000000000e+00 *1i),(6.6958115970e+01 -4.8446642911e-07 *1i),(6.6958115970e+01 +4.8446642911e-07 *1i),(6.6958575830e+01 -0.0000000000e+00 *1i),(6.6958823381e+01 -4.6176269807e-07 *1i),(6.6958823381e+01 +4.6176269807e-07 *1i),(8.2723478677e+01 -0.0000000000e+00 *1i),...
(8.2724653520e+01 -0.0000000000e+00 *1i),(8.2730406779e+01 -0.0000000000e+00 *1i),(8.2730994730e+01 -6.1525714365e-08 *1i),(8.2730994730e+01 +6.1525714365e-08 *1i)
];
eigErr=[...
 2.83e-06 , 5.10e-06 , 5.10e-06 , 4.98e-06 , 5.30e-07 , 6.81e-07 , 4.53e-06 , 4.53e-06 , 4.60e-06 , 4.86e-06 ,...
 2.24e-05 , 2.24e-05 , 2.42e-05 , 2.55e-05 , 2.55e-05 , 2.87e-05 , 3.19e-05 , 4.90e-05 , 4.90e-05 , 5.18e-05 ,...
 4.06e-05 , 4.28e-05 , 5.08e-05 , 5.56e-05 , 5.68e-05 , 5.68e-05 , 6.37e-05 , 6.74e-05 , 6.74e-05 , 5.13e-05 ,...
 6.56e-05 , 1.35e-04 , 1.42e-04 , 1.42e-04 
];
evectErr=[...
 8.20e-07 , 1.37e-05 , 1.37e-05 , 1.34e-05 , 5.80e-05 , 5.83e-05 , 5.70e-05 , 5.70e-05 , 5.72e-05 , 3.71e-05 ,...
 1.23e-04 , 1.23e-04 , 1.26e-04 , 1.40e-04 , 1.40e-04 , 1.38e-04 , 1.37e-04 , 1.95e-04 , 1.95e-04 , 1.95e-04 ,...
 2.78e-04 , 2.53e-04 , 2.12e-04 , 2.68e-04 , 2.53e-04 , 2.53e-04 , 2.58e-04 , 2.59e-04 , 2.59e-04 , 5.41e-04 ,...
 5.49e-04 , 4.89e-04 , 4.84e-04 , 4.84e-04 
];
