% Eigenvalues for grid=[/home/henshw/grids/spheree8.order4.ng3.hdf]
% File created eig/genEigs
lambdav=[...
(9.8696043014e+00 -0.0000000000e+00 *1i),(2.0190727794e+01 -0.0000000000e+00 *1i),(2.0190727799e+01 -0.0000000000e+00 *1i),(2.0190727799e+01 -0.0000000000e+00 *1i),(3.3217457172e+01 -0.0000000000e+00 *1i),(3.3217457179e+01 -0.0000000000e+00 *1i),(3.3217459689e+01 -0.0000000000e+00 *1i),(3.3217459689e+01 -0.0000000000e+00 *1i),(3.3217459710e+01 -0.0000000000e+00 *1i),(3.9478412669e+01 -0.0000000000e+00 *1i),...
(4.8831180048e+01 -0.0000000000e+00 *1i),(4.8831180124e+01 -7.0731796387e-12 *1i),(4.8831180124e+01 +7.0731796387e-12 *1i),(4.8831184645e+01 -0.0000000000e+00 *1i),(4.8831184718e+01 -4.6142517735e-12 *1i),(4.8831184718e+01 +4.6142517735e-12 *1i),(4.8831188895e+01 -0.0000000000e+00 *1i),(5.9679499742e+01 -0.0000000000e+00 *1i),(5.9679499804e+01 -0.0000000000e+00 *1i),(5.9679499804e+01 -0.0000000000e+00 *1i),...
(6.6954273135e+01 -0.0000000000e+00 *1i),(6.6954279308e+01 -2.4337499586e-11 *1i),(6.6954279308e+01 +2.4337499586e-11 *1i),(6.6954279464e+01 -0.0000000000e+00 *1i),(6.6954284256e+01 -0.0000000000e+00 *1i),(6.6954284396e+01 -0.0000000000e+00 *1i),(6.6954294360e+01 -5.0535919734e-12 *1i),(6.6954294360e+01 +5.0535919734e-12 *1i),(6.6954294510e+01 -0.0000000000e+00 *1i),(8.2719165073e+01 -0.0000000000e+00 *1i),...
(8.2719165295e+01 -0.0000000000e+00 *1i),(8.2719203043e+01 -4.2131970218e-12 *1i),(8.2719203043e+01 +4.2131970218e-12 *1i),(8.2719203055e+01 -0.0000000000e+00 *1i)
];
eigErr=[...
 1.01e-08 , 3.78e-08 , 3.75e-08 , 3.75e-08 , 1.43e-07 , 1.43e-07 , 6.70e-08 , 6.70e-08 , 6.63e-08 , 1.25e-07 ,...
 2.78e-07 , 2.77e-07 , 2.77e-07 , 1.84e-07 , 1.83e-07 , 1.83e-07 , 9.72e-08 , 2.71e-07 , 2.70e-07 , 2.70e-07 ,...
 5.79e-07 , 4.87e-07 , 4.87e-07 , 4.85e-07 , 4.13e-07 , 4.11e-07 , 2.62e-07 , 2.62e-07 , 2.60e-07 , 7.98e-07 ,...
 7.96e-07 , 3.39e-07 , 3.39e-07 , 3.39e-07 
];
evectErr=[...
 9.19e-10 , 1.29e-08 , 1.24e-08 , 1.24e-08 , 5.54e-08 , 5.42e-08 , 5.72e-08 , 5.71e-08 , 5.50e-08 , 5.60e-08 ,...
 4.67e-07 , 4.70e-07 , 4.70e-07 , 1.40e-07 , 1.40e-07 , 1.40e-07 , 1.47e-07 , 6.90e-07 , 5.50e-07 , 5.50e-07 ,...
 9.28e-07 , 3.18e-07 , 3.18e-07 , 3.01e-07 , 9.92e-07 , 9.14e-07 , 3.69e-07 , 3.68e-07 , 3.61e-07 , 1.16e-06 ,...
 1.17e-06 , 1.01e-06 , 1.01e-06 , 7.46e-07 
];
