% Eigenvalues for grid=[/home/henshw/grids/spheree3.order2.hdf]
% File created eig/genEigs
lambdav=[...
(9.8637187167e+00 -0.0000000000e+00 *1i),(2.0166031441e+01 -0.0000000000e+00 *1i),(2.0166078657e+01 -0.0000000000e+00 *1i),(2.0166099701e+01 -0.0000000000e+00 *1i),(3.3140940060e+01 -0.0000000000e+00 *1i),(3.3141663610e+01 -0.0000000000e+00 *1i),(3.3157824611e+01 -0.0000000000e+00 *1i),(3.3158320902e+01 -0.0000000000e+00 *1i),(3.3158342789e+01 -0.0000000000e+00 *1i),(3.9382460918e+01 -0.0000000000e+00 *1i),...
(4.8674881539e+01 -0.0000000000e+00 *1i),(4.8678841515e+01 -0.0000000000e+00 *1i),(4.8679050680e+01 -0.0000000000e+00 *1i),(4.8695548557e+01 -0.0000000000e+00 *1i),(4.8695770212e+01 -1.1884335349e-04 *1i),(4.8695770212e+01 +1.1884335349e-04 *1i),(4.8717896092e+01 -0.0000000000e+00 *1i),(5.9459848357e+01 -0.0000000000e+00 *1i),(5.9459862030e+01 -0.0000000000e+00 *1i),(5.9461561886e+01 -0.0000000000e+00 *1i),...
(6.6660848025e+01 -0.0000000000e+00 *1i),(6.6675973642e+01 -0.0000000000e+00 *1i),(6.6682169875e+01 -0.0000000000e+00 *1i),(6.6682237144e+01 -0.0000000000e+00 *1i),(6.6689004336e+01 -0.0000000000e+00 *1i),(6.6694899741e+01 -0.0000000000e+00 *1i),(6.6727375258e+01 -0.0000000000e+00 *1i),(6.6727705940e+01 -0.0000000000e+00 *1i),(6.6731069788e+01 -0.0000000000e+00 *1i),(8.2248895374e+01 -0.0000000000e+00 *1i),...
(8.2251359241e+01 -0.0000000000e+00 *1i),(8.2339045373e+01 -0.0000000000e+00 *1i),(8.2340992885e+01 -2.5430827608e-06 *1i),(8.2340992885e+01 +2.5430827608e-06 *1i)
];
eigErr=[...
 5.96e-04 , 1.22e-03 , 1.22e-03 , 1.22e-03 , 2.30e-03 , 2.28e-03 , 1.80e-03 , 1.78e-03 , 1.78e-03 , 2.43e-03 ,...
 3.20e-03 , 3.12e-03 , 3.12e-03 , 2.78e-03 , 2.77e-03 , 2.77e-03 , 2.32e-03 , 3.68e-03 , 3.68e-03 , 3.65e-03 ,...
 4.38e-03 , 4.16e-03 , 4.06e-03 , 4.06e-03 , 3.96e-03 , 3.87e-03 , 3.39e-03 , 3.38e-03 , 3.33e-03 , 5.69e-03 ,...
 5.66e-03 , 4.60e-03 , 4.57e-03 , 4.57e-03 
];
evectErr=[...
 3.93e-05 , 1.45e-04 , 1.47e-04 , 1.47e-04 , 2.63e-04 , 2.31e-04 , 2.93e-04 , 3.01e-04 , 2.99e-04 , 4.02e-04 ,...
 2.29e-03 , 2.21e-03 , 2.19e-03 , 4.27e-04 , 5.02e-04 , 5.18e-04 , 5.36e-04 , 2.42e-03 , 2.42e-03 , 3.00e-03 ,...
 2.40e-03 , 5.33e-04 , 7.57e-04 , 7.34e-04 , 2.87e-03 , 2.49e-03 , 1.24e-03 , 1.20e-03 , 1.44e-03 , 3.69e-03 ,...
 3.54e-03 , 2.04e-03 , 2.09e-03 , 2.09e-03 
];
