% Eigenvalues for grid=[/home/henshw/grids/spheree6.order2.hdf]
% File created eig/genEigs
lambdav=[...
(9.8682218476e+00 -0.0000000000e+00 *1i),(2.0184893152e+01 -0.0000000000e+00 *1i),(2.0184926995e+01 -2.1007492047e-07 *1i),(2.0184926995e+01 +2.1007492047e-07 *1i),(3.3198932557e+01 -0.0000000000e+00 *1i),(3.3198958967e+01 -0.0000000000e+00 *1i),(3.3203528631e+01 -0.0000000000e+00 *1i),(3.3203528763e+01 -0.0000000000e+00 *1i),(3.3203618602e+01 -0.0000000000e+00 *1i),(3.9456094207e+01 -0.0000000000e+00 *1i),...
(4.8793283238e+01 -0.0000000000e+00 *1i),(4.8793454320e+01 -8.6183118035e-07 *1i),(4.8793454320e+01 +8.6183118035e-07 *1i),(4.8798300543e+01 -0.0000000000e+00 *1i),(4.8798488398e+01 -6.4888949971e-08 *1i),(4.8798488398e+01 +6.4888949971e-08 *1i),(4.8804885123e+01 -0.0000000000e+00 *1i),(5.9628398100e+01 -0.0000000000e+00 *1i),(5.9628408809e+01 -3.2408788221e-07 *1i),(5.9628408809e+01 +3.2408788221e-07 *1i),...
(6.6880801113e+01 -0.0000000000e+00 *1i),(6.6885415138e+01 -3.6401570951e-07 *1i),(6.6885415138e+01 +3.6401570951e-07 *1i),(6.6885568100e+01 -0.0000000000e+00 *1i),(6.6888937469e+01 -0.0000000000e+00 *1i),(6.6889198605e+01 -0.0000000000e+00 *1i),(6.6899682685e+01 -0.0000000000e+00 *1i),(6.6899684419e+01 -0.0000000000e+00 *1i),(6.6900042505e+01 -0.0000000000e+00 *1i),(8.2604076463e+01 -0.0000000000e+00 *1i),...
(8.2604303575e+01 -0.0000000000e+00 *1i),(8.2632283846e+01 -0.0000000000e+00 *1i),(8.2632284499e+01 -0.0000000000e+00 *1i),(8.2632419904e+01 -0.0000000000e+00 *1i)
];
eigErr=[...
 1.40e-04 , 2.89e-04 , 2.87e-04 , 2.87e-04 , 5.58e-04 , 5.57e-04 , 4.19e-04 , 4.19e-04 , 4.17e-04 , 5.65e-04 ,...
 7.76e-04 , 7.73e-04 , 7.73e-04 , 6.74e-04 , 6.70e-04 , 6.70e-04 , 5.39e-04 , 8.57e-04 , 8.56e-04 , 8.56e-04 ,...
 1.10e-03 , 1.03e-03 , 1.03e-03 , 1.03e-03 , 9.76e-04 , 9.73e-04 , 8.16e-04 , 8.16e-04 , 8.11e-04 , 1.39e-03 ,...
 1.39e-03 , 1.05e-03 , 1.05e-03 , 1.05e-03 
];
evectErr=[...
 3.37e-06 , 2.57e-05 , 2.53e-05 , 2.51e-05 , 5.63e-05 , 4.79e-05 , 3.61e-05 , 3.60e-05 , 3.32e-05 , 9.92e-05 ,...
 6.35e-04 , 6.20e-04 , 6.22e-04 , 8.30e-05 , 8.37e-05 , 8.38e-05 , 6.74e-05 , 8.31e-04 , 8.41e-04 , 8.41e-04 ,...
 8.43e-04 , 1.22e-04 , 1.23e-04 , 1.29e-04 , 9.42e-04 , 8.41e-04 , 4.60e-04 , 4.58e-04 , 4.18e-04 , 1.03e-03 ,...
 1.04e-03 , 5.77e-04 , 5.76e-04 , 5.68e-04 
];
