% Eigenvalues for grid=[/home/henshw/grids/spheree3.order4.ng3.hdf]
% File created eig/genEigs
lambdav=[...
(9.8695994956e+00 -0.0000000000e+00 *1i),(2.0190698895e+01 -0.0000000000e+00 *1i),(2.0190698902e+01 -0.0000000000e+00 *1i),(2.0190699619e+01 -0.0000000000e+00 *1i),(3.3217316427e+01 -0.0000000000e+00 *1i),(3.3217316603e+01 -0.0000000000e+00 *1i),(3.3217399138e+01 -0.0000000000e+00 *1i),(3.3217401547e+01 -0.0000000000e+00 *1i),(3.3217401555e+01 -0.0000000000e+00 *1i),(3.9478285290e+01 -0.0000000000e+00 *1i),...
(4.8830878636e+01 -0.0000000000e+00 *1i),(4.8830879089e+01 -0.0000000000e+00 *1i),(4.8830880375e+01 -0.0000000000e+00 *1i),(4.8831002827e+01 -5.9859384676e-08 *1i),(4.8831002827e+01 +5.9859384676e-08 *1i),(4.8831013613e+01 -0.0000000000e+00 *1i),(4.8831137138e+01 -0.0000000000e+00 *1i),(5.9679258593e+01 -0.0000000000e+00 *1i),(5.9679258686e+01 -0.0000000000e+00 *1i),(5.9679261200e+01 -0.0000000000e+00 *1i),...
(6.6953543718e+01 -0.0000000000e+00 *1i),(6.6953699069e+01 -0.0000000000e+00 *1i),(6.6953757651e+01 -0.0000000000e+00 *1i),(6.6953757706e+01 -0.0000000000e+00 *1i),(6.6953821203e+01 -0.0000000000e+00 *1i),(6.6953877196e+01 -0.0000000000e+00 *1i),(6.6954129123e+01 -0.0000000000e+00 *1i),(6.6954145693e+01 -0.0000000000e+00 *1i),(6.6954146084e+01 -0.0000000000e+00 *1i),(8.2718157559e+01 -0.0000000000e+00 *1i),...
(8.2718166520e+01 -0.0000000000e+00 *1i),(8.2719339010e+01 -0.0000000000e+00 *1i),(8.2719348658e+01 -0.0000000000e+00 *1i),(8.2719348671e+01 -0.0000000000e+00 *1i)
];
eigErr=[...
 4.97e-07 , 1.47e-06 , 1.47e-06 , 1.43e-06 , 4.38e-06 , 4.37e-06 , 1.89e-06 , 1.82e-06 , 1.82e-06 , 3.35e-06 ,...
 6.45e-06 , 6.44e-06 , 6.42e-06 , 3.91e-06 , 3.91e-06 , 3.69e-06 , 1.16e-06 , 4.31e-06 , 4.31e-06 , 4.27e-06 ,...
 1.15e-05 , 9.15e-06 , 8.28e-06 , 8.28e-06 , 7.33e-06 , 6.49e-06 , 2.73e-06 , 2.48e-06 , 2.48e-06 , 1.30e-05 ,...
 1.29e-05 , 1.30e-06 , 1.42e-06 , 1.42e-06 
];
evectErr=[...
 9.79e-08 , 1.66e-06 , 1.65e-06 , 1.63e-06 , 7.32e-06 , 7.41e-06 , 7.16e-06 , 7.13e-06 , 7.13e-06 , 4.45e-06 ,...
 1.73e-05 , 1.73e-05 , 1.73e-05 , 1.86e-05 , 1.86e-05 , 1.86e-05 , 1.82e-05 , 3.23e-05 , 3.23e-05 , 3.15e-05 ,...
 3.69e-05 , 3.78e-05 , 3.73e-05 , 3.73e-05 , 3.99e-05 , 3.91e-05 , 3.70e-05 , 3.77e-05 , 3.77e-05 , 7.61e-05 ,...
 7.56e-05 , 6.87e-05 , 6.82e-05 , 6.82e-05 
];
