% Eigenvalues for grid=[/home/henshw/grids/spheree8.order2.hdf]
% File created eig/genEigs
lambdav=[...
(9.8688340962e+00 -0.0000000000e+00 *1i),(2.0187488927e+01 -0.0000000000e+00 *1i),(2.0187497467e+01 -0.0000000000e+00 *1i),(2.0187497502e+01 -0.0000000000e+00 *1i),(3.3207094664e+01 -0.0000000000e+00 *1i),(3.3207099575e+01 -0.0000000000e+00 *1i),(3.3209761754e+01 -2.6336361088e-09 *1i),(3.3209761754e+01 +2.6336361088e-09 *1i),(3.3209780957e+01 -0.0000000000e+00 *1i),(3.9466026073e+01 -0.0000000000e+00 *1i),...
(4.8810065379e+01 -0.0000000000e+00 *1i),(4.8810065688e+01 -0.0000000000e+00 *1i),(4.8810087503e+01 -0.0000000000e+00 *1i),(4.8812951590e+01 -0.0000000000e+00 *1i),(4.8812964387e+01 -1.7653081648e-08 *1i),(4.8812964387e+01 +1.7653081648e-08 *1i),(4.8816706076e+01 -0.0000000000e+00 *1i),(5.9651131290e+01 -0.0000000000e+00 *1i),(5.9651178735e+01 -0.0000000000e+00 *1i),(5.9651178935e+01 -0.0000000000e+00 *1i),...
(6.6913019916e+01 -0.0000000000e+00 *1i),(6.6915864484e+01 -0.0000000000e+00 *1i),(6.6915934506e+01 -1.0350112498e-07 *1i),(6.6915934506e+01 +1.0350112498e-07 *1i),(6.6917809770e+01 -0.0000000000e+00 *1i),(6.6917817899e+01 -0.0000000000e+00 *1i),(6.6924043633e+01 -0.0000000000e+00 *1i),(6.6924089982e+01 -0.0000000000e+00 *1i),(6.6924090392e+01 -0.0000000000e+00 *1i),(8.2654926091e+01 -0.0000000000e+00 *1i),...
(8.2654966814e+01 -0.0000000000e+00 *1i),(8.2671232741e+01 -0.0000000000e+00 *1i),(8.2671232884e+01 -0.0000000000e+00 *1i),(8.2671372645e+01 -0.0000000000e+00 *1i)
];
eigErr=[...
 7.80e-05 , 1.60e-04 , 1.60e-04 , 1.60e-04 , 3.12e-04 , 3.12e-04 , 2.32e-04 , 2.32e-04 , 2.31e-04 , 3.14e-04 ,...
 4.33e-04 , 4.33e-04 , 4.32e-04 , 3.74e-04 , 3.73e-04 , 3.73e-04 , 2.97e-04 , 4.76e-04 , 4.75e-04 , 4.75e-04 ,...
 6.17e-04 , 5.74e-04 , 5.73e-04 , 5.73e-04 , 5.45e-04 , 5.45e-04 , 4.52e-04 , 4.51e-04 , 4.51e-04 , 7.77e-04 ,...
 7.77e-04 , 5.80e-04 , 5.80e-04 , 5.79e-04 
];
evectErr=[...
 1.32e-06 , 1.40e-05 , 1.40e-05 , 1.39e-05 , 3.22e-05 , 2.93e-05 , 1.58e-05 , 1.59e-05 , 1.62e-05 , 5.79e-05 ,...
 3.68e-04 , 3.68e-04 , 3.75e-04 , 4.20e-05 , 4.41e-05 , 4.42e-05 , 2.59e-05 , 4.72e-04 , 4.70e-04 , 4.70e-04 ,...
 5.41e-04 , 7.47e-05 , 7.41e-05 , 7.40e-05 , 5.46e-04 , 5.16e-04 , 2.58e-04 , 2.71e-04 , 2.70e-04 , 5.80e-04 ,...
 5.82e-04 , 3.25e-04 , 3.25e-04 , 3.22e-04 
];
